global_uid,global_aqi_snapshot,global_snapshot_utc,station_idx,station_name,station_url,lat,lon,aqi,dominentpol,pm25,pm10,o3,no2,so2,co,t,h,p,w,dew,rain,uv,station_time,station_tz,station_unix,ingested_at_utc
10490,45.0,2025-11-24 20:43:16,10490,"Pangkalanbun, Indonesia",https://aqicn.org/city/indonesia/pangkalanbun,-2.676583,111.626448,17,pm25,17.0,,,,,,26.2,90.9,1005.8,1.5,24.6,0.8,,2026-02-06 17:00:00,+07:00,1770397200,2026-02-06 10:28:53
13651,89.0,2025-11-24 20:43:16,13651,"Semarang, Indonesia",https://aqicn.org/city/indonesia/semarang,-6.985,110.381,20,pm25,20.0,,,,,,28.3,77.1,1008.5,5.6,23.9,0.1,,2026-02-06 17:00:00,+07:00,1770397200,2026-02-06 10:28:55
13647,59.0,2025-11-24 20:43:16,13647,"Malang, Indonesia",https://aqicn.org/city/indonesia/malang,-7.9551897,112.6119383,43,pm25,43.0,,,,,,29.7,70.2,1006.7,4.6,23.7,99.2,,2026-02-06 17:00:00,+07:00,1770397200,2026-02-06 10:28:55
13655,56.0,2025-11-24 20:43:16,13655,"Supadio, Indonesia",https://aqicn.org/city/indonesia/supadio,-0.14,109.45,52,pm25,52.0,,,,,,26.0,88.0,1009.0,3.0,24.0,,,2026-02-06 17:00:00,+07:00,1770397200,2026-02-06 10:28:55
13650,19.0,2025-11-24 20:43:16,13650,"Pesawaran, Indonesia",https://aqicn.org/city/indonesia/pesawaran,-5.17,105.178,25,pm25,25.0,,,,,,30.8,68.8,998.0,2.0,24.4,1.3,,2026-02-06 17:00:00,+07:00,1770397200,2026-02-06 10:28:55
11755,,2025-11-24 20:43:16,11755,"Kototabang, Indonesia",https://aqicn.org/city/indonesia/kototabang,-0.251,100.382,10,pm25,10.0,,,,,,30.8,67.1,1009.2,1.5,24.0,99.5,,2026-02-06 17:00:00,+07:00,1770397200,2026-02-06 10:28:55
13841,31.0,2025-11-24 20:43:16,13841,"Maros, Indonesia",https://aqicn.org/city/indonesia/maros,-4.997,119.57,57,pm25,57.0,,,,,,25.7,89.3,1007.8,1.5,23.8,1.2,,2026-02-06 17:00:00,+07:00,1770397200,2026-02-06 10:28:55
14903,79.0,2025-11-24 20:43:16,14903,"Talang Betutu Palembang, Indonesia",https://aqicn.org/city/indonesia/talang-betutu-palembang,-2.94,104.7,73,pm25,73.0,,,,,,30.0,72.9,1007.5,2.0,24.6,0.3,,2026-02-06 17:00:00,+07:00,1770397200,2026-02-06 10:28:56
13653,67.0,2025-11-24 20:43:16,13653,"Sleman, Indonesia",https://aqicn.org/city/indonesia/sleman,-7.731,110.354,30,pm25,30.0,,,,,,28.3,77.1,1008.5,5.6,23.9,0.1,,2026-02-06 17:00:00,+07:00,1770397200,2026-02-06 10:28:56
8289,85.0,2025-11-24 20:43:16,8289,"Jambi, Indonesia",https://aqicn.org/city/indonesia/jambi,-1.6318964,103.6414547,75,pm25,75.0,,,,,,29.5,71.5,1005.8,2.0,23.8,99.0,,2026-02-06 17:00:00,+07:00,1770397200,2026-02-06 10:28:57
8294,25.0,2025-11-24 20:43:16,8294,"Kemayoran, Indonesia",https://aqicn.org/city/indonesia/kemayoran,-6.155,106.846,74,pm25,74.0,,,,,,29.0,74.0,1008.0,3.0,24.0,,,2026-02-06 17:00:00,+07:00,1770397200,2026-02-06 10:28:57
8342,27.0,2025-11-24 20:43:16,8342,"Palangka Raya, Indonesia",https://aqicn.org/city/indonesia/palangkaraya,-2.22611,113.945,21,pm25,21.0,,,,,,,,,,,,,2026-02-06 17:00:00,+07:00,1770397200,2026-02-06 10:28:57
13644,59.0,2025-11-24 20:43:16,13644,"Bengkulu, Indonesia",https://aqicn.org/city/indonesia/bengkulu,-3.865,102.312,16,pm25,16.0,,,,,,30.0,72.4,1006.6,2.0,24.5,4.4,,2026-02-06 17:00:00,+07:00,1770397200,2026-02-06 10:28:57
13645,23.0,2025-11-24 20:43:16,13645,"Kotabaru, Indonesia",https://aqicn.org/city/indonesia/kotabaru,-3.3,116.17,25,pm25,25.0,,,,,,26.5,89.3,1007.1,1.0,24.6,5.5,,2026-02-06 17:00:00,+07:00,1770397200,2026-02-06 10:28:57
1827,,2025-11-24 20:43:16,1827,"Municipal Health Center 1, Phuket, Thailand (ศูนย์บริการสาธารณสุข 1 กองการแพทย์ เทศบาลนครภูเก็ต)",https://aqicn.org/city/thailand/phuket/municipal-health-center-1,7.884488,98.391283,47,pm25,47.0,21.0,,4.7,0.6,,31.0,68.0,1010.0,4.3,24.5,,,2026-02-06 17:00:00,+07:00,1770397200,2026-02-06 10:28:59
8293,90.0,2025-11-24 20:43:16,8293,"Samarinda, Indonesia",https://aqicn.org/city/indonesia/samarinda,-0.4825,117.1563,20,pm25,20.0,,,,,,27.0,88.0,1008.0,1.5,25.0,,,2026-02-06 17:00:00,+07:00,1770397200,2026-02-06 10:28:59
8292,14.0,2025-11-24 20:43:16,8292,"Banjarbaru, Indonesia",https://aqicn.org/city/indonesia/banjarbaru,-3.475,114.856,54,pm25,54.0,,,,,,27.0,83.0,1007.0,1.0,24.0,,,2026-02-06 17:00:00,+07:00,1770397200,2026-02-06 10:28:59
13654,,2025-11-24 20:43:16,13654,"Sorong, Indonesia",https://aqicn.org/city/indonesia/sorong,-0.8634105,131.2544805,43,pm25,43.0,,,,,,26.6,83.6,1009.0,1.5,23.6,0.7,,2026-02-06 17:00:00,+07:00,1770397200,2026-02-06 10:28:59
1868,79.0,2025-11-24 20:43:16,1868,"Provincial Administrative Stadium, Lamphun, Thailand (สนามกีฬาองค์การบริหารส่วนจังหวัดลำพูน)",https://aqicn.org/city/thailand/lamphun/provincial-administrative-stadium,18.567194,99.038639,75,pm25,75.0,37.0,9.5,7.5,0.6,,32.0,35.0,1010.0,2.0,15.0,,,2026-02-06 18:00:00,+07:00,1770400800,2026-02-06 10:29:00
6818,87.0,2025-11-24 20:43:16,6818,"Regional Environmental Office 8, Thailand (สำนักงานสิ่งแวดล้อมภาคที่ 8 ราชบุรี)",https://aqicn.org/city/thailand/regional-environmental-office-8,13.5234,99.814082,93,pm25,93.0,25.0,18.2,2.9,0.6,0.1,32.0,55.0,1009.0,4.1,22.0,,,2026-02-06 18:00:00,+07:00,1770400800,2026-02-06 10:29:01
2583,22.0,2025-11-24 20:43:16,2583,"Langkawi, Kedah, Malaysia",https://aqicn.org/city/malaysia/kedah/langkawi,6.331539,99.85846,40,,,,,,,,30.0,66.0,1010.0,3.0,23.0,,,2026-02-06 17:00:00,+08:00,1770397200,2026-02-06 10:29:01
1828,60.0,2025-11-24 20:43:16,1828,"Natural Resources and Environment Office, Chiangrai, Thailand (สำนักงานทรัพยากรธรรมชาติและสิ่งแวดล้อมจังหวัดเชียงราย)",https://aqicn.org/city/thailand/chiangrai/natural-resources-and-environment-office,19.909217,99.823467,89,pm25,89.0,32.0,12.7,0.6,,0.1,28.7,56.5,975.7,0.3,,,,2026-02-06 18:00:00,+07:00,1770400800,2026-02-06 10:29:01
8287,31.0,2025-11-24 20:43:16,8287,"Medan, Indonesia",https://aqicn.org/city/indonesia/medan,3.59,98.85,77,pm25,77.0,,,,,,28.9,76.3,1009.1,3.6,24.3,0.7,,2026-02-06 17:00:00,+07:00,1770397200,2026-02-06 10:29:02
9587,,2025-11-24 20:43:16,9587,"Chiangrai - Gaia Station 07, Thailand",https://aqicn.org/city/thailand/chiangrai---gaia-station-07,19.858547,99.90148,98,pm25,98.0,35.8,,,,,30.0,40.0,1011.0,3.6,15.0,,,2026-02-06 17:00:00,+07:00,1770397200,2026-02-06 10:29:02
1823,66.0,2025-11-24 20:43:16,1823,"Lampang Meteorological Station, Thailand (สถานีอุตุนิยมวิทยาลำปาง)",https://aqicn.org/city/thailand/lampang-meteorological-station,18.2783333,99.5064666,75,pm25,75.0,75.0,11.5,1.8,0.6,0.1,31.1,47.0,1006.2,0.7,,,,2026-02-06 18:00:00,+07:00,1770400800,2026-02-06 10:29:02
13628,62.0,2025-11-24 20:43:16,13628,"Polytechnic College, Trang, Thailand (วิทยาลัยสารพัดช่างตรัง)",https://aqicn.org/city/thailand/trang/polytechnic-college,7.570238,99.588743,31,pm25,31.0,19.0,,2.4,0.6,0.1,32.0,62.0,1010.0,3.6,24.0,,,2026-02-06 18:00:00,+07:00,1770400800,2026-02-06 10:29:04
8646,25.0,2025-11-24 20:43:16,8646,"Indrapuri, Indonesia",https://aqicn.org/city/indonesia/indrapuri,5.404,95.475,53,pm25,53.0,,,,,,27.4,74.7,1008.7,1.5,22.5,2.3,,2026-02-06 17:00:00,+07:00,1770397200,2026-02-06 10:29:04
9013,65.0,2025-11-24 20:43:16,9013,"Mae Pa,Mae Sot,Tak, Thailand (ต.แม่ปะ อ.แม่สอด จ.ตาก)",https://aqicn.org/city/thailand/tak/mae-sot/mae-pa,16.734413,98.566961,79,pm25,79.0,79.0,4.8,12.1,,0.1,32.5,36.4,985.6,2.0,15.7,,,2026-02-06 18:00:00,+07:00,1770400800,2026-02-06 10:29:04
1826,,2025-11-24 20:43:16,1826,"Regional Environmental Office 14, Surat Thani, Thailand (สำนักงานสิ่งแวดล้อมภาคที่ 14)",https://aqicn.org/city/thailand/surat-thani/regional-environmental-office-14,9.126017,99.325145,45,pm25,45.0,48.0,4.4,,0.6,0.1,32.8,83.6,1011.2,2.8,,,,2026-02-06 17:00:00,+07:00,1770397200,2026-02-06 10:29:05
1831,70.0,2025-11-24 20:43:16,1831,"Knowledge Park, Phayao, Thailand (อุทยานการเรียนรู้กว๊านพะเยา)",https://aqicn.org/city/thailand/phayao/knowledge-park,19.200226,99.893048,76,pm25,76.0,77.0,13.1,6.4,,0.1,28.8,56.3,975.7,0.3,,,,2026-02-06 18:00:00,+07:00,1770400800,2026-02-06 10:29:05
13576,,2025-11-24 20:43:16,5774,Rayong,https://aqicn.org/city/rayong,12.707434,101.1473517,51,pm25,51.0,32.0,16.6,11.0,2.2,0.1,29.0,83.0,1010.0,5.1,,,,2026-02-06 18:00:00,+07:00,1770400800,2026-02-06 10:29:05
8324,63.0,2025-11-24 20:43:16,8324,"Health Promotion Hospital Sob Pad, Lampang, Thailand (โรงพยาบาลส่งเสริมสุขภาพตำบลบ้านสบป้าด ลำปาง)",https://aqicn.org/city/thailand/lampang/health-promotion-hospital-sob-pad,18.2508166,99.76395,74,pm25,74.0,11.0,24.5,1.2,0.6,0.1,31.1,47.0,1006.2,0.7,,,,2026-02-06 18:00:00,+07:00,1770400800,2026-02-06 10:29:05
8325,43.0,2025-11-24 20:43:16,8325,"Health Promotion Hospital Ta See, Lampang, Thailand (โรงพยาบาลส่งเสริมสุขภาพตำบลบ้านท่าสี ลำปาง)",https://aqicn.org/city/thailand/lampang/health-promotion-hospital-ta-see,18.4267833,99.7576333,73,pm25,73.0,12.0,0.8,1.2,0.6,0.1,31.1,47.0,1006.2,0.7,,,,2026-02-06 18:00:00,+07:00,1770400800,2026-02-06 10:29:05
1829,14.0,2025-11-24 20:43:16,1829,"Natural Resources and Environment Office, Mae Hongson, Thailand (สำนักงานทรัพยากรธรรมชาติและสิ่งแวดล้อมจังหวัดแม่ฮ่องสอน)",https://aqicn.org/city/thailand/mae-hongson/natural-resources-and-environment-office,19.30455,97.97165,63,pm25,63.0,40.0,4.8,3.5,,0.1,30.7,41.9,979.4,1.0,16.3,,,2026-02-06 18:00:00,+07:00,1770400800,2026-02-06 10:29:05
1822,55.0,2025-11-24 20:43:16,1822,"Yupparaj Wittayalai School, Chiangmai, Thailand (โรงเรียนยุพราชวิทยาลัย)",https://aqicn.org/city/thailand/chiangmai/yupparaj-wittayalai-school,18.7909333,98.99,70,pm25,70.0,82.0,14.6,7.5,0.6,,32.0,35.0,1010.0,2.0,15.0,,,2026-02-06 18:00:00,+07:00,1770400800,2026-02-06 10:29:05
10481,79.0,2025-11-24 20:43:16,10481,"Pak Prak, Kanchanaburi, Kanchanaburi, Thailand (ต.ปากแพรก อ.เมือง จ.กาญจนบุรี)",https://aqicn.org/city/thailand/kanchanaburi/kanchanaburi/pak-prak,14.022376,99.536195,77,pm25,77.0,47.0,6.7,,,0.1,36.7,26.0,1005.0,1.0,14.1,,,2026-02-06 18:00:00,+07:00,1770400800,2026-02-06 10:29:06
2625,31.0,2025-11-24 20:43:16,2625,"Batu Muda,Kuala Lumpur, Wilayah Persekutuan, Malaysia",https://aqicn.org/city/malaysia/wilayah-persekutuan/batu-muda-kuala-lumpur,3.212439,101.682228,58,,,,,,,,25.0,88.0,1011.0,1.5,23.0,,,2026-02-06 18:00:00,+08:00,1770400800,2026-02-06 10:29:07
2600,26.0,2025-11-24 20:43:16,2600,"Perai, Pulau Pinang, Malaysia",https://aqicn.org/city/malaysia/pulau-pinang/perai,5.329358,100.443475,63,,,,,,,,30.0,70.0,1009.0,3.0,24.0,,,2026-02-06 18:00:00,+08:00,1770400800,2026-02-06 10:29:07
13629,,2025-11-24 20:43:16,13629,"Elderly Health Rehabilitation Center, Thailand (ศูนย์ฟื้นฟูสุขภาพผู้สูงอายุ)",https://aqicn.org/city/thailand/elderly-health-rehabilitation-center,8.426923,99.961469,48,pm25,48.0,21.0,,2.4,,,30.0,66.0,1010.0,4.1,23.0,,,2026-02-06 17:00:00,+07:00,1770397200,2026-02-06 10:29:08
1854,,2025-11-24 20:43:16,1854,"Municipal Waste Water Pumping Station, Nakhon Ratchasima, Thailand (สถานีสูบน้ำเสีย เทศบาลนครราชสีมา)",https://aqicn.org/city/thailand/nakhon-ratchasima/municipal-waste-water-pumping-station,14.979537,102.098335,74,pm25,74.0,,,21.3,,,33.8,9.1,987.6,2.0,-3.4,,,2026-02-06 18:00:00,+07:00,1770400800,2026-02-06 10:29:08
13648,27.0,2025-11-24 20:43:16,13648,"Mempawah, Indonesia",https://aqicn.org/city/indonesia/mempawah,0.124,110.456,35,pm25,35.0,,,,,,,,,,,,,2026-02-06 17:00:00,+07:00,1770397200,2026-02-06 10:29:08
12760,16.0,2025-11-24 20:43:16,12760,"Betong, Thailand (ต.เบตง อ.เบตง จ.ยะลา)",https://aqicn.org/city/thailand/betong,5.763873,101.067903,26,pm25,26.0,,,,,,30.0,70.0,1009.0,3.0,24.0,,,2026-02-06 18:00:00,+07:00,1770400800,2026-02-06 10:29:09
5191,55.0,2025-11-24 20:43:16,5191,Wuzhishan (五指山),https://aqicn.org/city/wuzhishan,18.775147,109.516925,35,o3,17.0,10.0,34.6,1.0,2.1,3.3,25.0,73.0,1012.0,2.5,,,,2026-02-06 16:00:00,+08:00,1770393600,2026-02-06 10:29:09
1852,,2025-11-24 20:43:16,1852,"Hat Yai Municipality, Songkhla, Thailand (เทศบาลนครหาดใหญ่)",https://aqicn.org/city/thailand/songkhla/hat-yai-municipality,7.020434,100.484088,45,pm25,45.0,53.0,,,,,31.0,58.0,1009.0,5.1,22.0,,,2026-02-06 18:00:00,+07:00,1770400800,2026-02-06 10:29:10
2597,27.0,2025-11-24 20:43:16,2597,"Seri Manjung, Perak, Malaysia",https://aqicn.org/city/malaysia/perak/seri-manjung,4.200344,100.663358,54,,,,,,,,28.0,83.0,1010.0,2.0,25.0,,,2026-02-06 18:00:00,+08:00,1770400800,2026-02-06 10:29:10
12797,111.0,2025-11-24 20:43:16,12797,"Nai Mueang,Mueang,Ubon Ratchathani , Thailand (ต.ในเมือง อ.เมือง จ.อุบลราชธานี)",https://aqicn.org/city/thailand/ubon-ratchathani/mueang/nai-mueang,15.245413,104.846219,90,pm25,90.0,52.0,9.5,4.1,0.6,0.1,34.0,36.0,1009.0,1.5,17.0,,,2026-02-06 18:00:00,+07:00,1770400800,2026-02-06 10:29:11
8115,12.0,2025-11-24 20:43:16,8115,"Brunei Muara, Brunei",https://aqicn.org/city/brunei/brunei-muara,4.9311206,114.9516869,35,,,,,,,,29.0,70.0,1009.0,3.0,23.0,,,2026-02-06 16:00:00,+08:00,1770393600,2026-02-06 10:29:11
8322,70.0,2025-11-24 20:43:16,8322,"Health Promotion Hospital Ban Khao Hin,Chonburi, Thailand (โรงพยาบาลส่งเสริมสุขภาพตำบลบ้านเขาหิน ชลบุรี)",https://aqicn.org/city/thailand/chonburi/health-promotion-hospital-ban-khao-hin,13.054551,101.098128,73,pm25,73.0,51.0,5.6,7.5,0.6,,29.0,83.0,1010.0,5.1,26.0,,,2026-02-06 18:00:00,+07:00,1770400800,2026-02-06 10:29:11
2607,54.0,2025-11-24 20:43:16,2607,"Bintulu, Sarawak, Malaysia",https://aqicn.org/city/malaysia/sarawak/bintulu,3.177084,113.041091,53,,,,,,,,29.0,70.0,1009.0,3.6,23.0,,,2026-02-06 17:00:00,+08:00,1770397200,2026-02-06 10:29:12
13630,116.0,2025-11-24 20:43:16,13630,"Meteorological stations, Nakhon Phanom, Thailand (สถานีอุตุนิยมวิทยานครพนม)",https://aqicn.org/city/thailand/nakhon-phanom/meteorological-stations,17.412345,104.7786123,80,pm25,80.0,43.0,24.5,22.5,52.3,0.1,34.1,35.1,991.1,1.0,16.5,,,2026-02-06 18:00:00,+07:00,1770400800,2026-02-06 10:29:12
2618,13.0,2025-11-24 20:43:16,2618,"Kuala Selangor, Selangor, Malaysia",https://aqicn.org/city/malaysia/selangor/kuala-selangor,3.321308,101.256242,62,,,,,,,,25.5,90.6,1009.9,1.2,,,,2026-02-06 18:00:00,+08:00,1770400800,2026-02-06 10:29:12
8288,112.0,2025-11-24 20:43:16,8288,"Pekanbaru, Indonesia",https://aqicn.org/city/indonesia/pekanbaru,0.46667,101.4666,94,pm25,94.0,,,,,,30.9,66.0,1005.0,3.0,23.8,0.3,,2026-02-06 17:00:00,+07:00,1770397200,2026-02-06 10:29:13
12796,142.0,2025-11-24 20:43:16,12796,"Lat Yai,Mueang,Samut Songkhram, Thailand (ต.ลาดใหญ่ อ.เมือง จ.สมุทรสงคราม)",https://aqicn.org/city/thailand/samut-songkhram/mueang/lat-yai,13.428581,100.024664,103,pm25,103.0,47.0,18.2,4.1,0.6,0.1,32.0,55.0,1009.0,4.1,22.0,,,2026-02-06 18:00:00,+07:00,1770400800,2026-02-06 10:29:13
5193,114.0,2025-11-24 20:43:16,5193,Qionghai (琼海),https://aqicn.org/city/qionghai,19.258404,110.47465,33,o3,25.0,12.0,32.5,2.3,1.1,3.0,26.0,65.0,1012.0,2.5,,,,2026-02-06 16:00:00,+08:00,1770393600,2026-02-06 10:29:14
13632,,2025-11-24 20:43:16,13632,"Trat Provincial Central Stadium, Thailand (สนามกีฬากลางจังหวัดตราด)",https://aqicn.org/city/thailand/trat-provincial-central-stadium,12.234862,102.523721,60,pm25,60.0,40.0,2.4,0.6,0.6,0.1,28.0,78.0,1011.0,5.1,24.0,,,2026-02-06 18:00:00,+07:00,1770400800,2026-02-06 10:29:15
2599,19.0,2025-11-24 20:43:16,2599,"Kangar, Perlis, Malaysia",https://aqicn.org/city/malaysia/perlis/kangar,6.429922,100.211069,40,,,,,,,,32.0,59.0,1009.0,3.6,23.0,,,2026-02-06 18:00:00,+08:00,1770400800,2026-02-06 10:29:15
1666,30.0,2025-11-24 20:43:16,1666,"Central, Singapore",https://aqicn.org/city/singapore/central,1.3666667,103.8,55,pm25,55.0,26.0,20.0,,1.0,5.0,28.0,74.0,1010.0,3.0,23.0,,,2026-02-06 18:00:00,+08:00,1770400800,2026-02-06 10:29:16
2590,34.0,2025-11-24 20:43:16,2590,"Seremban, Negeri Sembilan, Malaysia",https://aqicn.org/city/malaysia/negeri-sembilan/seremban,2.723381,101.968497,62,,,,,,,,27.0,74.0,1010.0,2.5,22.0,,,2026-02-06 17:00:00,+08:00,1770397200,2026-02-06 10:29:16
1844,,2025-11-24 20:43:16,1844,"Khao Noi Fire Station, Saraburi, Thailand (สถานีดับเพลิงเขาน้อย)",https://aqicn.org/city/thailand/saraburi/khao-noi-fire-station,14.526343,100.926047,79,pm25,79.0,40.0,4.4,9.8,0.6,0.1,33.3,54.0,1008.6,0.5,,,,2026-02-06 18:00:00,+07:00,1770400800,2026-02-06 10:29:17
13662,24.0,2025-11-24 20:43:16,13662,"Trà Vinh/xã Dân Thành, TX Duyên Hải, Vietnam",https://aqicn.org/city/vietnam/tra-vinh/xa-dan-thanh--tx-duyen-hai,9.599143,106.51985,10,pm25,10.0,5.0,,,,,,,,,,,,2026-02-06 17:00:00,+07:00,1770397200,2026-02-06 10:29:17
2598,15.0,2025-11-24 20:43:16,2598,"Tanjung Malim, Perak, Malaysia",https://aqicn.org/city/malaysia/perak/tanjung-malim,3.687758,101.524494,57,,,,,,,,25.5,90.5,1009.8,1.5,,,,2026-02-06 18:00:00,+08:00,1770400800,2026-02-06 10:29:17
1870,77.0,2025-11-24 20:43:16,1870,"Provincial Health Office, Loei, Thailand (สำนักงานสาธารณสุขจังหวัดเลย)",https://aqicn.org/city/thailand/loei/provincial-health-office,17.4525229,101.7272395,69,pm25,69.0,40.0,,,,,33.0,36.0,1009.0,1.5,16.0,,,2026-02-06 18:00:00,+07:00,1770400800,2026-02-06 10:29:18
1825,65.0,2025-11-24 20:43:16,1825,"Nakhonsawan Irrigation , Nakhon Sawan, Thailand (โครงการชลประทานนครสวรรค์)",https://aqicn.org/city/thailand/nakhon-sawan/nakhonsawan-irrigation,15.68623,100.110556,79,pm25,79.0,70.0,14.2,0.6,0.6,0.1,34.7,46.3,1005.1,2.0,21.5,,,2026-02-06 18:00:00,+07:00,1770400800,2026-02-06 10:29:18
2626,60.0,2025-11-24 20:43:16,2626,"Cheras,Kuala Lumpur, Wilayah Persekutuan, Malaysia",https://aqicn.org/city/malaysia/wilayah-persekutuan/cheras-kuala-lumpur,3.106236,101.717917,56,,,,,,,,25.0,88.0,1011.0,1.5,23.0,,,2026-02-06 18:00:00,+08:00,1770400800,2026-02-06 10:29:18
9489,19.0,2025-11-24 20:43:16,9489,"Minden, Pulau Pinang, Malaysia",https://aqicn.org/city/malaysia/pulau-pinang/minden,5.356211,100.30792,56,,,,,,,,30.0,68.0,1009.0,4.3,23.5,,,2026-02-06 18:00:00,+08:00,1770400800,2026-02-06 10:29:19
5534,69.0,2025-11-24 20:43:16,5534,"Pluakdaeng District Health Office, Thailand (สำนักงานสาธารณสุขอำเภอปลวกแดง)",https://aqicn.org/city/thailand/pluakdaeng-district-health-office,12.97378333,101.21285,60,pm25,60.0,58.0,0.4,4.1,0.6,0.1,29.0,83.0,1010.0,5.1,26.0,,,2026-02-06 18:00:00,+07:00,1770400800,2026-02-06 10:29:19
2624,23.0,2025-11-24 20:43:16,2624,"Paka, Terengganu, Malaysia",https://aqicn.org/city/malaysia/terengganu/paka,4.598064,103.434819,37,,,,,,,,29.0,65.0,1009.0,2.0,22.0,,,2026-02-06 18:00:00,+08:00,1770400800,2026-02-06 10:29:20
9501,26.0,2025-11-24 20:43:16,9501,"Mukah, Sarawak, Malaysia",https://aqicn.org/city/malaysia/sarawak/mukah,2.883238,112.019742,30,,,,,,,,24.0,94.0,1009.0,3.0,23.0,,,2026-02-06 17:00:00,+08:00,1770397200,2026-02-06 10:29:20
12758,73.0,2025-11-24 20:43:16,12758,"The Bhubing Palace Doi Buak Ha, Thailand (พระตำหนักภูพิงคราชนิเวศน์)",https://aqicn.org/city/thailand/the-bhubing-palace-doi-buak-ha,13.779873,100.646009,98,pm25,98.0,49.0,6.7,12.7,,,32.0,49.0,1009.0,4.1,20.0,,,2026-02-06 18:00:00,+07:00,1770400800,2026-02-06 10:29:21
2621,31.0,2025-11-24 20:43:16,2621,"Shah Alam, Selangor, Malaysia",https://aqicn.org/city/malaysia/selangor/shah-alam,3.104717,101.556222,60,,,,,,,,26.0,83.0,1011.0,1.0,23.0,,,2026-02-06 18:00:00,+08:00,1770400800,2026-02-06 10:29:21
13636,73.0,2025-11-24 20:43:16,13636,"72nd Anniversary King Bhumibol Public Park, Uttaradit, Thailand (สวนมหามงคลเฉลิมพระชนมพรรษา 6 รอบ 5 ธันวาคม 2552 อุตรดิตถ์)",https://aqicn.org/city/thailand/uttaradit/72nd-anniversary-king-bhumibol-public-park,17.631352,100.09896,80,pm25,80.0,47.0,22.9,5.2,,,34.0,8.8,1000.0,1.0,-3.7,,,2026-02-06 18:00:00,+07:00,1770400800,2026-02-06 10:29:21
1842,96.0,2025-11-24 20:43:16,1842,"City Hall, Samut Prakan, Thailand (ศาลากลางจังหวัดสมุทรปราการ)",https://aqicn.org/city/thailand/samut-prakan/city-hall,13.599149,100.597345,103,pm25,103.0,55.0,13.4,9.3,0.6,0.1,32.0,49.0,1009.0,4.1,20.0,,,2026-02-06 18:00:00,+07:00,1770400800,2026-02-06 10:29:21
9450,,2025-11-24 20:43:16,9450,"Chiangrai - Gaia Station 01, Thailand",https://aqicn.org/city/thailand/chiangrai---gaia-station-01,19.687157,100.19024,98,pm25,98.0,36.6,,,,,30.0,40.0,1011.0,3.6,15.0,,,2026-02-06 17:00:00,+07:00,1770397200,2026-02-06 10:29:21
9498,19.0,2025-11-24 20:43:16,9498,"Besut, Terengganu, Malaysia",https://aqicn.org/city/malaysia/terengganu/besut,5.748449,102.515632,27,,,,,,,,28.0,69.0,1010.0,4.6,22.0,,,2026-02-06 18:00:00,+08:00,1770400800,2026-02-06 10:29:21
8640,59.0,2025-11-24 20:43:16,8640,"Lingshui Tufu Bay, Lingshuixian (陵水县陵水土福湾)",https://aqicn.org/city/china/lingshuixian/lingshuitufuwan,18.403055,109.818054,34,o3,21.0,4.0,34.2,0.5,1.6,3.2,25.0,73.0,1012.0,2.5,20.0,,,2026-02-06 16:00:00,+08:00,1770393600,2026-02-06 10:29:22
10482,,2025-11-24 20:43:16,10482,"Phiman, Satun, Satun, Thailand (ต.พิมาน อ.เมือง จ.สตูล)",https://aqicn.org/city/thailand/satun/satun/phiman,6.624747,100.066159,45,pm25,45.0,21.0,6.4,1.8,0.6,0.1,32.0,59.0,1009.0,5.6,23.0,,,2026-02-06 17:00:00,+07:00,1770397200,2026-02-06 10:29:22
9493,32.0,2025-11-24 20:43:16,9493,"Batu Pahat, Johor, Malaysia",https://aqicn.org/city/malaysia/johor/batu-pahat,1.919323,102.866618,57,,,,,,,,26.6,93.2,1011.4,0.5,,,,2026-02-06 18:00:00,+08:00,1770400800,2026-02-06 10:29:23
9556,19.0,2025-11-24 20:43:16,9556,"Kota Bharu, Kelantan, Malaysia",https://aqicn.org/city/malaysia/kelantan/kota-bharu,6.147431,102.249236,56,,,,,,,,29.0,65.0,1010.0,5.1,22.0,,,2026-02-06 18:00:00,+08:00,1770400800,2026-02-06 10:29:23
2617,55.0,2025-11-24 20:43:16,2617,"Banting, Selangor, Malaysia",https://aqicn.org/city/malaysia/selangor/banting,2.816689,101.623158,73,,,,,,,,27.0,74.0,1010.0,2.0,22.0,,,2026-02-06 18:00:00,+08:00,1770400800,2026-02-06 10:29:23
2589,50.0,2025-11-24 20:43:16,2589,"Port Dickson, Negeri Sembilan, Malaysia",https://aqicn.org/city/malaysia/negeri-sembilan/port-dickson,2.441383,101.866858,66,,,,,,,,27.0,73.5,1010.5,2.3,22.0,,,2026-02-06 17:00:00,+08:00,1770397200,2026-02-06 10:29:25
8116,14.0,2025-11-24 20:43:16,8116,"Kuala Belait, Brunei",https://aqicn.org/city/brunei/kuala-belait,4.5831986,114.2212174,19,,,,,,,,31.0,58.0,1008.0,3.6,22.0,,,2026-02-06 16:00:00,+08:00,1770393600,2026-02-06 10:29:25
5779,,2025-11-24 20:43:16,2612,"Miri, Sarawak, Malaysia",https://aqicn.org/city/malaysia/sarawak/miri,4.424679,114.012426,37,,,,,,,,31.0,58.0,1008.0,3.6,22.0,,,2026-02-06 15:00:00,+08:00,1770390000,2026-02-06 10:29:25
1343,114.0,2025-11-24 20:43:16,1343,"Hainan Normal University, Haikou (海口海南师范大学)",https://aqicn.org/city/china/haikou/hainanshifandaxue,19.9969,110.338,38,pm25,38.0,20.0,37.0,3.2,3.1,3.7,25.0,69.0,1013.0,3.6,19.0,,,2026-02-06 18:00:00,+08:00,1770400800,2026-02-06 10:29:25
2627,34.0,2025-11-24 20:43:16,2627,"Labuan, Wilayah Persekutuan, Malaysia",https://aqicn.org/city/malaysia/wilayah-persekutuan/labuan,5.298107,115.232106,46,,,,,,,,28.0,74.0,1009.0,1.5,23.0,,,2026-02-06 18:00:00,+08:00,1770400800,2026-02-06 10:29:25
8645,83.0,2025-11-24 20:43:16,8645,"Batam, Indonesia",https://aqicn.org/city/indonesia/batam,1.124,104.126,39,pm25,39.0,,,,,,28.0,74.0,1010.0,5.1,23.0,,,2026-02-06 17:00:00,+07:00,1770397200,2026-02-06 10:29:26
8631,80.0,2025-11-24 20:43:16,8631,"Haitang Bay, Sanya (三亚海棠湾)",https://aqicn.org/city/china/sanya/haitangwan,18.29029,109.71186,29,o3,17.0,5.0,28.5,1.4,2.6,2.7,25.0,73.0,1012.0,2.5,20.0,,,2026-02-06 16:00:00,+08:00,1770393600,2026-02-06 10:29:26
2591,54.0,2025-11-24 20:43:16,2591,"Balok Baru, Kuantan, Pahang, Malaysia",https://aqicn.org/city/malaysia/pahang/balok-baru--kuantan,3.960644,103.382158,56,,,,,,,,29.0,65.0,1009.0,3.0,22.0,,,2026-02-06 18:00:00,+08:00,1770400800,2026-02-06 10:29:26
9497,28.0,2025-11-24 20:43:16,9497,"Temerloh, Pahang, Malaysia",https://aqicn.org/city/malaysia/pahang/temerloh,3.471603,102.376406,53,,,,,,,,25.3,97.4,1006.5,1.2,,,,2026-02-06 17:00:00,+08:00,1770397200,2026-02-06 10:29:27
4474,104.0,2025-11-24 20:43:16,4474,"City first secondary school sub-station , Danzhou (儋州市第一中学子站)",https://aqicn.org/city/china/danzhou/shidiyizhongxuezizhan,19.5088,109.5037,53,pm25,53.0,29.0,34.6,1.4,2.1,5.9,28.7,53.1,993.6,2.0,18.2,99.1,,2026-02-06 16:00:00,+08:00,1770393600,2026-02-06 10:29:27
13658,128.0,2025-11-24 20:43:16,1584,"Da Nang, Vietnam (TP Đà Nẵng)",https://aqicn.org/city/vietnam/da-nang,16.074,108.217,17,pm25,17.0,11.0,,24.0,,2.0,24.0,83.0,1012.0,3.6,21.0,,,2026-02-06 17:00:00,+07:00,1770397200,2026-02-06 10:29:27
9494,29.0,2025-11-24 20:43:16,9494,"Kluang, Johor, Malaysia",https://aqicn.org/city/malaysia/johor/kluang,2.037882,103.312063,29,,,,,,,,25.0,83.0,1010.0,4.1,22.0,,,2026-02-06 18:00:00,+08:00,1770400800,2026-02-06 10:29:28
9014,59.0,2025-11-24 20:43:16,9014,"Tha Tum, Si Maha Phot, Prachin Buri, Thailand (ต.ท่าตูม อ.ศรีมหาโพธิ จ.ปราจีนบุรี)",https://aqicn.org/city/thailand/prachin-buri/si-maha-phot/tha-tum,13.917563,101.590529,82,pm25,82.0,40.0,5.2,,,,32.0,49.0,1009.0,4.1,20.0,,,2026-02-06 18:00:00,+07:00,1770400800,2026-02-06 10:29:28
13417,61.0,2025-11-24 20:43:16,13762,"Gia Lai/Phù Đổng, Thành phố Pleiku - KTTV - Trạm cảm biến, Vietnam",https://aqicn.org/city/vietnam/gia-lai/phu-dong--thanh-pho-pleiku-kttv-tram-cam-bien,13.968848,108.017617,50,pm10,,50.0,1.0,16.0,55.0,22.0,24.7,67.2,928.4,2.0,18.2,,,2026-02-06 11:00:00,+07:00,1770375600,2026-02-06 10:29:28
3688,,2025-11-24 20:43:16,3688,"Khonkaen, Thailand (ส่วนอุทกวิทยา สำนักงานทรัพยากรน้ำภาค 4 ขอนแก่น)",https://aqicn.org/city/thailand/khonkaen,16.44538333,102.83525,79,pm25,79.0,,,,,,34.0,32.0,1009.0,2.0,15.0,,,2026-02-06 17:00:00,+07:00,1770397200,2026-02-06 10:29:28
2580,52.0,2025-11-24 20:43:16,2580,"Pasir Gudang, Johor, Malaysia",https://aqicn.org/city/malaysia/johor/pasir-gudang,1.470122,103.893456,48,,,,,,,,28.0,74.0,1010.0,3.0,23.0,,,2026-02-06 18:00:00,+08:00,1770400800,2026-02-06 10:29:30
2611,16.0,2025-11-24 20:43:16,2611,"Limbang, Sarawak, Malaysia",https://aqicn.org/city/malaysia/sarawak/limbang,4.758891,115.013667,31,,,,,,,,29.0,70.0,1009.0,3.0,23.0,,,2026-02-06 17:00:00,+08:00,1770397200,2026-02-06 10:29:30
13633,47.0,2025-11-24 20:43:16,13633,"Suphan Buri Provincial Central Stadium, Thailand (สนามกีฬากลางจังหวัดสุพรรณบุรี)",https://aqicn.org/city/thailand/suphan-buri-provincial-central-stadium,14.476214,100.086095,129,pm25,129.0,51.0,5.2,4.1,0.6,0.1,33.3,54.0,1008.6,0.5,,,,2026-02-06 18:00:00,+07:00,1770400800,2026-02-06 10:29:30
2592,52.0,2025-11-24 20:43:16,2592,"Indera Mahkota, Kuantan, Pahang, Malaysia",https://aqicn.org/city/malaysia/pahang/indera-mahkota--kuantan,3.819217,103.29655,55,,,,,,,,29.0,65.0,1009.0,3.0,22.0,,,2026-02-06 18:00:00,+08:00,1770400800,2026-02-06 10:29:30
2595,24.0,2025-11-24 20:43:16,2595,"Kg. Air Putih, Taiping, Perak, Malaysia",https://aqicn.org/city/malaysia/perak/kg.-air-putih--taiping,4.89885,100.679106,75,,,,,,,,27.0,83.0,1010.0,1.0,24.0,,,2026-02-06 18:00:00,+08:00,1770400800,2026-02-06 10:29:30
4480,82.0,2025-11-24 20:43:16,4480,"Land Environment and Resources Bureau , Ledongxian (乐东县国土环境资源局)",https://aqicn.org/city/china/ledongxian/guotuhuanjingziyuanju,18.7422,109.1777,38,o3,34.0,18.0,37.8,2.8,1.6,3.9,25.0,73.0,1012.0,2.5,20.0,,,2026-02-06 16:00:00,+08:00,1770393600,2026-02-06 10:29:31
9492,28.0,2025-11-24 20:43:16,9492,"Segamat, Johor, Malaysia",https://aqicn.org/city/malaysia/johor/segamat,2.493914,102.862694,37,,,,,,,,26.0,83.0,1010.0,1.0,23.0,,,2026-02-06 18:00:00,+08:00,1770400800,2026-02-06 10:29:31
9500,46.0,2025-11-24 20:43:16,9500,"Samalaju, Sarawak, Malaysia",https://aqicn.org/city/malaysia/sarawak/samalaju,3.537059,113.295168,46,,,,,,,,29.0,74.0,1009.0,3.6,24.0,,,2026-02-06 17:00:00,+08:00,1770397200,2026-02-06 10:29:32
1814,142.0,2025-11-24 20:43:16,1814,"Highway District, Samut Sakhon, Thailand (แขวงการทางสมุทรสาคร)",https://aqicn.org/city/thailand/samut-sakhon/highway-district,13.7054879,100.315622,112,pm25,112.0,51.0,24.9,19.0,2.2,0.1,32.0,55.0,1009.0,4.1,22.0,,,2026-02-06 18:00:00,+07:00,1770400800,2026-02-06 10:29:32
13637,85.0,2025-11-24 20:43:16,13637,"Nong Prajak Public Park, Udon Thani, Thailand (สวนสาธารณะหนองประจักษ์ อุดรธานี)",https://aqicn.org/city/thailand/udon-thani/nong-prajak-public-park,17.414174,102.780926,64,pm25,64.0,,,,,,33.0,70.0,1008.0,3.0,27.0,,,2026-02-06 18:00:00,+07:00,1770400800,2026-02-06 10:29:33
5247,109.0,2025-11-24 20:43:16,5247,"City Mine station dormitory building , Wenchang (文昌市矿山管理站宿舍大楼)",https://aqicn.org/city/china/wenchang/shikuangshanguanlizhansushedalou,19.6208,110.7477,33,o3,30.0,15.0,32.5,4.6,1.6,3.4,26.0,65.0,1012.0,2.5,19.0,,,2026-02-06 16:00:00,+08:00,1770393600,2026-02-06 10:29:33
8117,5.0,2025-11-24 20:43:16,8117,"Pekan Tutong, Brunei",https://aqicn.org/city/brunei/pekan-tutong,4.8140524,114.6608562,17,,,,,,,,29.0,70.0,1009.0,3.0,23.0,,,2026-02-06 16:00:00,+08:00,1770393600,2026-02-06 10:29:34
1816,101.0,2025-11-24 20:43:16,1816,"Sukhothai Thammathirat Open University, Nonthaburi, Thailand (มหาวิทยาลัยสุโขทัยธรรมาธิราช)",https://aqicn.org/city/thailand/nonthaburi/sukhothai-thammathirat-open-university,13.907861,100.535641,156,pm25,156.0,75.0,6.4,7.5,0.6,0.1,32.0,55.0,1009.0,4.1,22.0,,,2026-02-06 18:00:00,+07:00,1770400800,2026-02-06 10:29:34
9496,28.0,2025-11-24 20:43:16,9496,"Rompin, Pahang, Malaysia",https://aqicn.org/city/malaysia/pahang/rompin,2.926645,103.419198,36,,,,,,,,29.0,74.0,1010.0,4.1,24.0,,,2026-02-06 18:00:00,+08:00,1770400800,2026-02-06 10:29:35
8634,117.0,2025-11-24 20:43:16,8634,"hóngqí zhōng xuézǐ station, Tunchangxian (屯昌县红旗中学子站)",https://aqicn.org/city/china/tunchangxian/hongqizhongxuezizhan,19.37706,110.1108,36,o3,25.0,23.0,36.2,2.3,3.6,4.3,26.0,65.0,1012.0,2.5,19.0,,,2026-02-06 16:00:00,+08:00,1770393600,2026-02-06 10:29:35
2622,16.0,2025-11-24 20:43:16,2622,"Kemaman, Terengganu, Malaysia",https://aqicn.org/city/malaysia/terengganu/kemaman,4.262121,103.425778,28,,,,,,,,29.0,65.0,1009.0,2.0,22.0,,,2026-02-06 18:00:00,+08:00,1770400800,2026-02-06 10:29:35
2601,17.0,2025-11-24 20:43:16,2601,"Seberang Jaya 2, Perai, Pulau Pinang, Malaysia",https://aqicn.org/city/malaysia/pulau-pinang/seberang-jaya-2--perai,5.39817,100.403947,58,,,,,,,,30.0,70.0,1009.0,3.0,24.0,,,2026-02-06 17:00:00,+08:00,1770397200,2026-02-06 10:29:35
1849,117.0,2025-11-24 20:43:16,1849,"General Education Office, Chonburi, Thailand (สำนักงานสามัญศึกษาชลบุรี)",https://aqicn.org/city/thailand/chonburi/general-education-office,13.35461667,100.9792167,83,pm25,83.0,33.0,6.0,9.3,1.1,,32.0,49.0,1009.0,4.1,20.0,,,2026-02-06 18:00:00,+07:00,1770400800,2026-02-06 10:29:36
7886,129.0,2025-11-24 20:43:16,7886,Dinganxian,https://aqicn.org/city/dinganxian,19.681434,110.358891,36,o3,34.0,25.0,36.2,2.3,0.6,3.5,26.0,65.0,1012.0,2.5,,,,2026-02-06 16:00:00,+08:00,1770393600,2026-02-06 10:29:36
13659,41.0,2025-11-24 20:43:16,13659,"Tây Ninh/Thị xã Tràng Bảng, Vietnam",https://aqicn.org/city/vietnam/tay-ninh/thi-xa-trang-bang,11.030287,106.35631,59,pm10,22.0,59.0,,,,,27.0,78.0,1010.0,5.1,23.0,,,2026-02-06 17:00:00,+07:00,1770397200,2026-02-06 10:29:37
2616,18.0,2025-11-24 20:43:16,2616,"Sri Aman, Sarawak, Malaysia",https://aqicn.org/city/malaysia/sarawak/sri-aman,1.219656,111.464792,20,,,,,,,,29.0,79.0,1008.0,,25.0,,,2026-02-06 17:00:00,+08:00,1770397200,2026-02-06 10:29:37
2615,24.0,2025-11-24 20:43:16,2615,"Sibu, Sarawak, Malaysia",https://aqicn.org/city/malaysia/sarawak/sibu,2.314408,111.831916,22,,,,,,,,24.0,94.0,1009.0,3.0,23.0,,,2026-02-06 17:00:00,+08:00,1770397200,2026-02-06 10:29:38
2581,15.0,2025-11-24 20:43:16,2581,"Alor Setar, Kedah, Malaysia",https://aqicn.org/city/malaysia/kedah/alor-setar,6.137244,100.346815,51,,,,,,,,32.0,59.0,1009.0,3.6,23.0,,,2026-02-06 17:00:00,+08:00,1770397200,2026-02-06 10:29:39
8503,62.0,2025-11-24 20:43:16,8503,"Huai Kon, Chaloem Phra Kiat, Nan, Thailand (ต.ห้วยโก๋น อ.เฉลิมพระเกียรติ จ.น่าน)",https://aqicn.org/city/thailand/nan/chaloem-phra-kiat/huai-kon,19.5759666,101.0815166,69,pm25,69.0,70.0,3.2,1.2,1.6,0.1,32.5,41.4,971.5,2.0,17.7,,,2026-02-06 18:00:00,+07:00,1770400800,2026-02-06 10:29:39
9499,18.0,2025-11-24 20:43:16,9499,"Kimanis, Sabah, Malaysia",https://aqicn.org/city/malaysia/sabah/kimanis,5.538225,115.850556,45,,,,,,,,29.0,70.0,1008.0,1.5,23.0,,,2026-02-06 18:00:00,+08:00,1770400800,2026-02-06 10:29:39
10484,39.0,2025-11-24 20:43:16,10484,"Tangkak, Johor, Malaysia",https://aqicn.org/city/malaysia/johor/tangkak,2.294794,102.571595,44,,,,,,,,26.0,83.0,1010.0,1.0,23.0,,,2026-02-06 18:00:00,+08:00,1770400800,2026-02-06 10:29:39
2596,31.0,2025-11-24 20:43:16,2596,"S K Jalan Pegoh, Ipoh, Perak, Malaysia",https://aqicn.org/city/malaysia/perak/s-k-jalan-pegoh--ipoh,4.553336,101.080236,60,,,,,,,,27.0,83.0,1010.0,1.0,24.0,,,2026-02-06 17:00:00,+08:00,1770397200,2026-02-06 10:29:40
5254,91.0,2025-11-24 20:43:16,5254,"Commission compound Archives , Lingaoxian (临高县委大院档案馆)",https://aqicn.org/city/china/lingaoxian/weidayuandanganguan,19.91205,109.69053,33,o3,30.0,16.0,33.3,0.5,1.6,2.5,26.0,65.0,1012.0,2.5,19.0,,,2026-02-06 16:00:00,+08:00,1770393600,2026-02-06 10:29:41
2604,26.0,2025-11-24 20:43:16,2604,"Kota Kinabalu, Sabah, Malaysia",https://aqicn.org/city/malaysia/sabah/kota-kinabalu,5.89372,116.04327,52,,,,,,,,29.0,70.0,1008.0,1.5,23.0,,,2026-02-06 18:00:00,+08:00,1770400800,2026-02-06 10:29:41
2609,23.0,2025-11-24 20:43:16,2609,"Kapit, Sarawak, Malaysia",https://aqicn.org/city/malaysia/sarawak/kapit,2.014498,112.92736,15,,,,,,,,,,,,,,,2026-02-06 17:00:00,+08:00,1770397200,2026-02-06 10:29:41
13635,,2025-11-24 20:43:16,13635,"Chom Nan Chaloem Phrakiat Public Park, Thailand (สวนชมน่านเฉลิมพระเกียรติ)",https://aqicn.org/city/thailand/chom-nan-chaloem-phrakiat-public-park,16.820833,100.258056,93,pm25,93.0,49.0,18.2,1.8,0.6,0.1,32.8,42.2,1003.7,1.5,18.3,,,2026-02-06 16:00:00,+07:00,1770393600,2026-02-06 10:29:41
2587,29.0,2025-11-24 20:43:16,2587,"Bukit Rambai, Melaka, Malaysia",https://aqicn.org/city/malaysia/melaka/bukit-rambai,2.258519,102.172683,55,,,,,,,,26.0,83.0,1010.0,2.0,23.0,,,2026-02-06 15:00:00,+08:00,1770390000,2026-02-06 10:29:41
8114,1.0,2025-11-24 20:43:16,8114,"Temburong, Brunei",https://aqicn.org/city/brunei/temburong,4.6204128,115.141484,17,,,,,,,,29.0,70.0,1009.0,3.0,23.0,,,2026-02-06 16:00:00,+08:00,1770393600,2026-02-06 10:29:41
2578,39.0,2025-11-24 20:43:16,2578,"Larkin Lama, Johor, Malaysia",https://aqicn.org/city/malaysia/johor/larkin-lama,1.494625,103.735975,49,,,,,,,,25.0,83.0,1010.0,4.1,22.0,,,2026-02-06 18:00:00,+08:00,1770400800,2026-02-06 10:29:42
2588,29.0,2025-11-24 20:43:16,2588,"Nilai, Negeri Sembilan, Malaysia",https://aqicn.org/city/malaysia/negeri-sembilan/nilai,2.821692,101.811486,63,,,,,,,,27.0,74.0,1010.0,2.5,22.0,,,2026-02-06 17:00:00,+08:00,1770397200,2026-02-06 10:29:42
13631,56.0,2025-11-24 20:43:16,13631,"Meteorological stations, Sakon Nakhon, Thailand (สถานีอุตุนิยมวิทยาสกลนคร)",https://aqicn.org/city/thailand/sakon-nakhon/meteorological-stations,17.15662,104.133216,70,pm25,70.0,24.0,,,,,35.0,36.0,986.4,1.0,17.7,,,2026-02-06 18:00:00,+07:00,1770400800,2026-02-06 10:29:43
5259,76.0,2025-11-24 20:43:16,5259,"Middle school, Wanning (万宁中学子站)",https://aqicn.org/city/china/wanning/zhongxuezizhan,18.7983,110.3933,30,pm25,30.0,14.0,32.9,2.3,2.1,4.0,25.4,71.2,1010.5,4.0,19.8,0.2,,2026-02-06 15:00:00,+08:00,1770390000,2026-02-06 10:29:43
6814,141.0,2025-11-24 20:43:16,6814,"Provincial Administrative Organization, Samut Sakhon, Thailand (องค์การบริหารส่วนจังหวัดสมุทรสาคร)",https://aqicn.org/city/thailand/samut-sakhon/provincial-administrative-organization,13.5502631,100.2647676,89,pm25,89.0,33.0,2.8,7.5,2.7,,32.0,49.0,1009.0,4.1,20.0,,,2026-02-06 18:00:00,+07:00,1770400800,2026-02-06 10:29:44
2620,20.0,2025-11-24 20:43:16,2620,"Petaling Jaya, Selangor, Malaysia",https://aqicn.org/city/malaysia/selangor/petaling-jaya,3.133169,101.608011,55,,,,,,,,26.0,83.0,1011.0,1.0,23.0,,,2026-02-06 18:00:00,+08:00,1770400800,2026-02-06 10:29:44
5107,81.0,2025-11-24 20:43:16,5107,"Government Center, Rayong, Thailand (ศูนย์ราชการระยอง)",https://aqicn.org/city/thailand/rayong/government-center,12.7066,101.18055,51,pm25,51.0,32.0,7.5,11.0,2.2,0.1,29.0,83.0,1010.0,5.1,26.0,,,2026-02-06 18:00:00,+07:00,1770400800,2026-02-06 10:29:44
4435,87.0,2025-11-24 20:43:16,1555,Sanya (三亚),https://aqicn.org/city/sanya,18.252847,109.511909,25,pm25,25.0,15.0,30.5,8.3,2.6,2.8,24.0,78.0,1013.0,1.5,,,,2026-02-06 18:00:00,+08:00,1770400800,2026-02-06 10:29:44
2612,28.0,2025-11-24 20:43:16,2612,"Miri, Sarawak, Malaysia",https://aqicn.org/city/malaysia/sarawak/miri,4.424679,114.012426,37,,,,,,,,31.0,58.0,1008.0,3.6,22.0,,,2026-02-06 15:00:00,+08:00,1770390000,2026-02-06 10:29:44
13687,42.0,2025-11-24 20:43:16,13687,"Cần Thơ/Ninh Kiều - KTTV - Trạm cảm biến, Vietnam",https://aqicn.org/city/vietnam/can-tho/ninh-kieu-kttv-tram-cam-bien,10.026977,105.768249,29,pm10,14.0,29.0,18.0,3.0,,53.0,30.5,62.0,1014.0,2.3,22.5,,,2026-02-06 11:00:00,+07:00,1770375600,2026-02-06 10:29:45
2606,34.0,2025-11-24 20:43:16,2606,"Tawau, Sabah, Malaysia",https://aqicn.org/city/malaysia/sabah/tawau,4.249786,117.935864,44,,,,,,,,28.0,78.0,1008.0,2.5,24.0,,,2026-02-06 18:00:00,+08:00,1770400800,2026-02-06 10:29:45
5190,74.0,2025-11-24 20:43:16,5190,Dongfang (东方),https://aqicn.org/city/dongfang,19.095361,108.651775,41,o3,13.0,25.0,40.7,2.3,2.6,1.2,26.2,63.0,1015.2,2.0,,99.1,,2026-02-06 16:00:00,+08:00,1770393600,2026-02-06 10:29:45
2623,14.0,2025-11-24 20:43:16,2623,"Kuala Terengganu, Terengganu, Malaysia",https://aqicn.org/city/malaysia/terengganu/kuala-terengganu,5.308094,103.120392,68,,,,,,,,29.0,70.0,1010.0,2.0,23.0,,,2026-02-06 18:00:00,+08:00,1770400800,2026-02-06 10:29:46
2585,31.0,2025-11-24 20:43:16,2585,"Tanah Merah, Kelantan, Malaysia",https://aqicn.org/city/malaysia/kelantan/tanah-merah,5.811172,102.1345,57,,,,,,,,29.0,65.0,1010.0,5.1,22.0,,,2026-02-06 12:00:00,+08:00,1770379200,2026-02-06 10:29:47
1817,,2025-11-24 20:43:16,1817,"Na Phralan Police Station Saraburi, Thailand (สถานีตำรวจภูธรหน้าพระลาน สระบุรี)",https://aqicn.org/city/thailand/na-phralan-police-station-saraburi,14.685833,100.871996,70,pm25,70.0,54.0,1.6,20.8,0.6,0.1,33.3,54.0,1008.6,0.5,,,,2026-02-06 18:00:00,+07:00,1770400800,2026-02-06 10:29:47
2582,20.0,2025-11-24 20:43:16,2582,"Bakar Arang, Sg. Petani, Kedah, Malaysia",https://aqicn.org/city/malaysia/kedah/bakar-arang--sg.-petani,5.629631,100.467771,64,,,,,,,,30.0,70.0,1009.0,3.0,24.0,,,2026-02-06 17:00:00,+08:00,1770397200,2026-02-06 10:29:47
5255,85.0,2025-11-24 20:43:16,5255,"Commission for Discipline Building Station, Lingshuixian (陵水县纪委大楼站)",https://aqicn.org/city/china/lingshuixian/jiweidalouzhan,18.50844,110.03572,32,o3,17.0,10.0,32.1,1.9,2.1,4.3,25.0,73.0,1012.0,2.5,20.0,,,2026-02-06 16:00:00,+08:00,1770393600,2026-02-06 10:29:48
2594,40.0,2025-11-24 20:43:16,2594,"Jalan Tasek, Ipoh, Perak, Malaysia",https://aqicn.org/city/malaysia/perak/jalan-tasek--ipoh,4.629444,101.11665,62,,,,,,,,27.0,83.0,1010.0,1.0,24.0,,,2026-02-06 15:00:00,+08:00,1770390000,2026-02-06 10:29:48
5253,104.0,2025-11-24 20:43:16,5253,"Land Environment and Resources Bureau, Chengmaixian (澄迈县澄迈国土环境资源局站)",https://aqicn.org/city/china/chengmaixian/chengmaiguotuhuanjingziyuanjuzhan,19.76,110.006,42,pm25,42.0,24.0,30.9,2.3,1.6,2.9,26.0,65.0,1012.0,2.5,19.0,,,2026-02-06 16:00:00,+08:00,1770393600,2026-02-06 10:29:49
2593,34.0,2025-11-24 20:43:16,2593,"Jerantut, Pahang, Malaysia",https://aqicn.org/city/malaysia/pahang/jerantut,3.94836,102.366632,43,,,,,,,,25.3,97.4,1006.5,1.2,,,,2026-02-06 18:00:00,+08:00,1770400800,2026-02-06 10:29:49
1664,53.0,2025-11-24 20:43:16,1664,"East, Singapore",https://aqicn.org/city/singapore/east,1.3645924,103.9477547,46,pm25,46.0,37.0,16.0,,2.0,5.0,30.0,58.0,1009.0,5.6,21.0,,,2026-02-06 18:00:00,+08:00,1770400800,2026-02-06 10:29:50
1830,72.0,2025-11-24 20:43:16,1830,"Phrae Meteorological Station, Thailand (สถานีอุตุนิยมวิทยาแพร่)",https://aqicn.org/city/thailand/phrae-meteorological-station,18.1283666,100.1624333,75,pm25,75.0,68.0,6.7,8.7,0.6,0.1,33.8,38.5,989.9,2.5,17.7,,,2026-02-06 18:00:00,+07:00,1770400800,2026-02-06 10:29:50
1863,64.0,2025-11-24 20:43:16,1863,"Wang Yen Subdistrict Administrative, Chachoengsao, Thailand (องค์การบริหารส่วนตำบลวังเย็น)",https://aqicn.org/city/thailand/chachoengsao/wang-yen-subdistrict-administrative,13.5885,101.2863333,81,pm25,81.0,56.0,0.8,8.1,1.6,,32.0,49.0,1009.0,4.1,20.0,,,2026-02-06 18:00:00,+07:00,1770400800,2026-02-06 10:29:50
1859,91.0,2025-11-24 20:43:16,1859,"Thonburi Power Sub-Station, Bangkok, Thailand (โรงไฟฟ้าย่อย ธนบุรี)",https://aqicn.org/city/thailand/bangkok/thonburi-power-sub-station,13.727622,100.486568,110,pm25,110.0,50.0,,13.3,,,32.0,55.0,1009.0,4.1,22.0,,,2026-02-06 18:00:00,+07:00,1770400800,2026-02-06 10:29:50
13505,69.0,2025-11-24 20:43:16,13505,"Tanjung Harapan, Indonesia",https://aqicn.org/city/indonesia/tanjung-harapan,2.83,117.36,34,pm25,34.0,,,,,,27.5,83.7,1008.7,1.0,24.5,0.7,,2026-02-06 17:00:00,+07:00,1770397200,2026-02-06 10:29:51
12795,86.0,2025-11-24 20:43:16,12795,"T.Meechai A.Muang Nongkhai Province, Thailand (ต.มีชัย อ.เมืองหนองคาย จ.หนองคาย)",https://aqicn.org/city/thailand/t.meechai-a.muang-nongkhai-province,17.87748,102.728925,85,pm25,85.0,49.0,24.9,1.2,0.6,0.1,33.0,70.0,1008.0,3.0,27.0,,,2026-02-06 18:00:00,+07:00,1770400800,2026-02-06 10:29:51
2610,29.0,2025-11-24 20:43:16,2610,"Kuching, Sarawak, Malaysia",https://aqicn.org/city/malaysia/sarawak/kuching,1.562229,110.388958,22,,,,,,,,28.0,74.0,1009.0,4.1,23.0,,,2026-02-06 17:00:00,+08:00,1770397200,2026-02-06 10:29:51
2614,19.0,2025-11-24 20:43:16,2614,"Sarikei, Sarawak, Malaysia",https://aqicn.org/city/malaysia/sarawak/sarikei,2.132809,111.52287,31,,,,,,,,24.0,94.0,1009.0,3.0,23.0,,,2026-02-06 16:00:00,+08:00,1770393600,2026-02-06 10:29:51
2605,38.0,2025-11-24 20:43:16,2605,"Sandakan, Sabah, Malaysia",https://aqicn.org/city/malaysia/sabah/sandakan,5.864467,118.091089,54,,,,,,,,28.0,78.0,1008.0,3.0,24.0,,,2026-02-06 18:00:00,+08:00,1770400800,2026-02-06 10:29:52
1867,72.0,2025-11-24 20:43:16,1867,"Municipality Office, Nan, Thailand (สำนักงานเทศบาลเมืองน่าน)",https://aqicn.org/city/thailand/nan/municipality-office,18.7888833,100.7763166,99,pm25,99.0,67.0,6.4,1.8,0.6,0.1,33.6,37.2,985.4,2.5,17.0,,,2026-02-06 18:00:00,+07:00,1770400800,2026-02-06 10:29:52
12809,6.0,2025-11-24 20:43:16,12809,"Sikulpuikawn, Aizawl, India",https://aqicn.org/city/india/aizawl/sikulpuikawn,23.7176342,92.7192841,106,pm25,106.0,51.0,3.7,0.3,6.8,0.6,21.8,45.8,,2.0,9.6,,,2026-02-06 15:00:00,+05:30,1770390000,2026-02-06 10:29:53
2603,26.0,2025-11-24 20:43:16,2603,"Keningau, Sabah, Malaysia",https://aqicn.org/city/malaysia/sabah/keningau,5.339317,116.163658,34,,,,,,,,29.0,70.0,1008.0,1.5,23.0,,,2026-02-06 18:00:00,+08:00,1770400800,2026-02-06 10:29:54
14139,339.0,2025-11-24 20:43:16,14139,"Bardowali, Agartala, India",https://aqicn.org/city/india/agartala/bardowali,23.8175497,91.2726974,98,pm25,98.0,52.0,3.3,4.9,3.2,4.7,27.09,40.3,750.0,1.47,11.0,,,2026-02-06 15:00:00,+05:30,1770390000,2026-02-06 10:29:54
7225,74.0,2025-11-24 20:43:16,7225,"Dehong Stations, Dehong (德宏州德宏州监测站)",https://aqicn.org/city/china/dehongzhou/dehongzhoujiancezhan,24.428,98.5842,78,pm25,78.0,23.0,,4.2,3.1,7.3,17.9,36.0,829.8,4.0,2.6,,,2026-02-06 18:00:00,+08:00,1770400800,2026-02-06 10:29:55
13652,43.0,2025-11-24 20:43:16,13652,"Sintang, Indonesia",https://aqicn.org/city/indonesia/sintang,0.066,111.477,13,pm25,13.0,,,,,,28.8,79.5,1004.4,4.1,24.9,6.5,,2026-02-06 17:00:00,+07:00,1770397200,2026-02-06 10:29:55
14893,63.0,2025-11-24 20:43:16,1645,"Hengchun, Taiwan (恆春)",https://aqicn.org/city/taiwan/hengchun,21.958069,120.788928,34,pm25,34.0,17.0,30.4,1.5,1.2,1.6,25.5,67.0,1012.0,0.8,20.0,,,2026-02-06 18:00:00,+08:00,1770400800,2026-02-06 10:29:56
9495,50.0,2025-11-24 20:43:16,9495,"Pengerang, Johor, Malaysia",https://aqicn.org/city/malaysia/johor/pengerang,1.389489,104.149586,39,,,,,,,,30.0,58.0,1009.0,5.6,21.0,,,2026-02-06 18:00:00,+08:00,1770400800,2026-02-06 10:29:56
1832,71.0,2025-11-24 20:43:16,1832,"Maesai Health Office, Chiangrai, Thailand (สำนักงานสาธารณสุขอำเภอแม่สาย เชียงราย)",https://aqicn.org/city/thailand/chiangrai/maesai-health-office,20.439944444444,99.913666666667,107,pm25,107.0,149.0,,,,,30.0,42.0,1011.0,2.0,16.0,,,2026-02-06 18:00:00,+07:00,1770400800,2026-02-06 10:29:56
3431,87.0,2025-11-24 20:43:16,3431,"Beihai Industrial Park, Beihai (北海北海工业园)",https://aqicn.org/city/china/beihai/beihaigongyeyuan,21.5233,109.1778,70,pm25,70.0,37.0,,2.8,3.1,4.6,22.9,77.2,1012.0,2.0,18.7,,,2026-02-06 18:00:00,+08:00,1770400800,2026-02-06 10:29:57
1302,59.0,2025-11-24 20:43:16,1302,"Gulangyu, Xiamen (厦门鼓浪屿)",https://aqicn.org/city/china/xiamen/gulangyu,24.445833333,118.06361111,65,pm25,65.0,27.0,,2.8,1.6,,17.0,77.0,1015.0,4.6,13.0,,,2026-02-06 18:00:00,+08:00,1770400800,2026-02-06 10:29:57
7201,107.0,2025-11-24 20:43:16,7201,"CPPCC Building, Hezhou (贺州环保小区)",https://aqicn.org/city/china/hezhou/huanbaoxiaoqu,24.4175,111.5269,144,pm25,144.0,58.0,,7.8,1.6,8.2,15.9,66.6,1001.4,5.0,9.7,,,2026-02-06 18:00:00,+08:00,1770400800,2026-02-06 10:29:57
14528,82.0,2025-11-24 20:43:16,14528,"晋宁区生态环境分局, Kunming (昆明晋宁区生态环境分局)",https://aqicn.org/city/china/kunming/jinningqushengtaihuanjingfenju,24.6736,102.5967,85,pm25,85.0,29.0,,3.7,2.1,4.6,18.0,18.0,1018.0,5.6,-6.0,,,2026-02-06 18:00:00,+08:00,1770400800,2026-02-06 10:29:58
14221,55.0,2025-11-24 20:43:16,14221,"广宁庄前西,  (肇庆市广宁庄前西)",https://aqicn.org/city/guangdong/zhaoqingshi/guangningzhuangqianxi,23.638817,112.43656,65,pm25,65.0,30.0,38.6,4.2,6.6,6.4,27.0,44.0,1012.0,1.5,14.0,,,2026-02-06 17:00:00,+08:00,1770397200,2026-02-06 10:29:58
14394,102.0,2025-11-24 20:43:16,14394,"大沥,  (佛山市大沥)",https://aqicn.org/city/guangdong/fushanshi/dali,23.1171,113.1277,59,o3,46.0,21.0,59.1,7.8,2.1,4.6,27.0,44.0,1012.0,1.5,14.0,,,2026-02-06 17:00:00,+08:00,1770397200,2026-02-06 10:29:58
4342,74.0,2025-11-24 20:43:16,4342,Shanwei (汕尾),https://aqicn.org/city/shanwei,22.786211,115.375279,44,o3,25.0,24.0,43.9,4.6,2.6,4.6,23.2,66.9,1011.1,3.0,,99.1,,2026-02-06 17:00:00,+08:00,1770397200,2026-02-06 10:29:58
1553,87.0,2025-11-24 20:43:16,1553,Beihai (北海),https://aqicn.org/city/beihai,21.481254,109.119927,70,pm25,70.0,37.0,10.2,6.0,3.1,4.6,22.9,77.2,1012.0,2.0,,99.9,,2026-02-06 18:00:00,+08:00,1770400800,2026-02-06 10:29:59
14393,124.0,2025-11-24 20:43:16,14393,"丹灶,  (佛山市丹灶)",https://aqicn.org/city/guangdong/fushanshi/danzao,23.0404,112.9197,58,o3,53.0,22.0,58.4,6.4,2.6,4.6,27.0,44.0,1012.0,1.5,14.0,,,2026-02-06 17:00:00,+08:00,1770397200,2026-02-06 10:29:59
14227,107.0,2025-11-24 20:43:16,14227,"鹤山南山,  (江门市鹤山南山)",https://aqicn.org/city/guangdong/jiangmenshi/heshannanshan,22.763923,112.969881,53,pm25,53.0,22.0,44.7,4.2,3.1,3.7,27.0,44.0,1012.0,1.5,14.0,,,2026-02-06 17:00:00,+08:00,1770397200,2026-02-06 10:29:59
13683,,2025-11-24 20:43:16,12957,"Bắc Ninh/Khu liên cơ Thuận Thành, Vietnam",https://aqicn.org/city/vietnam/bac-ninh/khu-lien-co-thuan-thanh,21.0272212,106.0342099,16,pm25,16.0,13.0,20.0,8.0,4.0,2.0,24.0,78.0,1012.0,4.6,20.0,,,2026-02-06 17:00:00,+07:00,1770397200,2026-02-06 10:29:59
14467,72.0,2025-11-24 20:43:16,14466,"赤石中学, Shenzhen (深汕合作区 赤石镇)",https://aqicn.org/city/shenzhen/chishizhongxue,22.97944,115.08611,45,o3,25.0,13.0,44.7,4.6,4.1,5.5,23.2,66.9,1011.1,3.0,16.7,99.1,,2026-02-06 17:00:00,+08:00,1770397200,2026-02-06 10:29:59
14358,70.0,2025-11-24 20:43:16,14358,"云安都杨,  (云浮市云安都杨)",https://aqicn.org/city/guangdong/yunfushi/yunanduyang,23.044739,112.159956,39,o3,17.0,23.0,39.4,3.7,1.6,4.6,26.6,49.9,1006.5,1.0,15.3,99.1,,2026-02-06 17:00:00,+08:00,1770397200,2026-02-06 10:30:00
13026,108.0,2025-11-24 20:43:16,13026,"Hà Nội/Chi cục BVMT, Vietnam",https://aqicn.org/city/vietnam/ha-noi/chi-cuc-bvmt,21.01525,105.80013,169,pm25,169.0,172.0,30.2,26.1,0.3,0.1,24.0,78.0,1012.0,4.6,20.0,,,2026-02-06 17:00:00,+07:00,1770397200,2026-02-06 10:30:01
1548,89.0,2025-11-24 20:43:16,1548,Huizhou (惠州),https://aqicn.org/city/huizhou,23.111847,114.416196,80,o3,57.0,24.0,79.9,8.3,5.1,2.8,26.7,48.4,1011.3,2.0,,99.5,,2026-02-06 17:00:00,+08:00,1770397200,2026-02-06 10:30:01
3579,61.0,2025-11-24 20:43:16,3579,"Liudong Primary School, Liuzhou (柳州柳东小学)",https://aqicn.org/city/china/liuzhou/liudongxiaoxue,24.3898,109.4883,59,pm25,59.0,25.0,,4.6,4.1,7.3,18.0,64.9,980.1,5.0,11.3,99.7,,2026-02-06 18:00:00,+08:00,1770400800,2026-02-06 10:30:02
14249,76.0,2025-11-24 20:43:16,14249,"连州城东,  (清远市连州城东)",https://aqicn.org/city/guangdong/qingyuanshi/lianzhouchengdong,24.7929,112.391601,154,pm25,154.0,73.0,26.0,5.5,4.1,9.1,24.8,60.0,998.0,2.0,16.5,,,2026-02-06 17:00:00,+08:00,1770397200,2026-02-06 10:30:02
14279,80.0,2025-11-24 20:43:16,14279,"三水南山,  (佛山市三水南山)",https://aqicn.org/city/guangdong/fushanshi/sanshuinanshan,23.530838,112.880875,51,o3,34.0,16.0,50.6,9.2,3.1,3.7,27.0,44.0,1012.0,1.5,14.0,,,2026-02-06 17:00:00,+08:00,1770397200,2026-02-06 10:30:03
14476,76.0,2025-11-24 20:43:16,14476,"从化良口, Guangzhou (广州从化良口)",https://aqicn.org/city/guangdong/guangzhou/conghualiangkou,23.7372,113.7861,65,pm25,65.0,22.0,,8.3,4.6,,26.0,47.0,1013.0,0.5,14.0,,,2026-02-06 18:00:00,+08:00,1770400800,2026-02-06 10:30:03
805,72.0,2025-11-24 20:43:16,805,"Kengkouzi station, Zhaoqing (肇庆坑口子站)",https://aqicn.org/city/guangdong/zhaoqing/kangkouzizhan,23.1617,112.565,41,o3,42.0,19.0,41.1,9.2,2.6,1.0,26.0,47.0,1013.0,0.5,14.0,,,2026-02-06 17:00:00,+08:00,1770397200,2026-02-06 10:30:03
14478,85.0,2025-11-24 20:43:16,14478,"花都梯面, Guangzhou (广州花都梯面)",https://aqicn.org/city/guangdong/guangzhou/huadutimian,23.5544,113.2902,59,pm25,59.0,30.0,,7.8,3.1,,26.0,47.0,1013.0,0.5,14.0,,,2026-02-06 18:00:00,+08:00,1770400800,2026-02-06 10:30:04
14332,114.0,2025-11-24 20:43:16,14332,"罗定兴华,  (云浮市罗定兴华)",https://aqicn.org/city/guangdong/yunfushi/luodingxinghua,22.761743,111.594533,46,pm25,46.0,23.0,40.3,4.2,8.7,4.6,24.6,59.9,997.6,3.0,16.3,,,2026-02-06 17:00:00,+08:00,1770397200,2026-02-06 10:30:04
784,80.0,2025-11-24 20:43:16,784,"Dòumén, Zhuhai (珠海斗门)",https://aqicn.org/city/guangdong/zhuhai/doumen,22.2281,113.299,44,o3,13.0,26.0,43.9,6.9,2.1,2.8,22.0,73.0,1013.0,3.0,17.0,,,2026-02-06 17:00:00,+08:00,1770397200,2026-02-06 10:30:04
791,76.0,2025-11-24 20:43:16,791,"Sanshuiyun donghai, Foshan (佛山三水云东海)",https://aqicn.org/city/guangdong/fushan/sanshuiyundonghai,23.1886,112.863,46,pm25,46.0,43.0,43.5,10.1,2.6,2.8,26.0,47.0,1013.0,0.5,14.0,,,2026-02-06 18:00:00,+08:00,1770400800,2026-02-06 10:30:05
14215,95.0,2025-11-24 20:43:16,14215,"南沙科大,  (广州市南沙科大)",https://aqicn.org/city/guangdong/guangzhoushi/nanshakeda,22.755893,113.617769,68,pm25,68.0,25.0,28.1,19.7,3.6,5.5,23.0,68.0,1013.0,2.5,17.0,,,2026-02-06 17:00:00,+08:00,1770397200,2026-02-06 10:30:05
14297,85.0,2025-11-24 20:43:16,14297,"连平东园,  (河源市连平东园)",https://aqicn.org/city/guangdong/heyuanshi/lianpingdongyuan,24.366944,114.492777,42,pm25,42.0,17.0,39.4,3.7,3.1,5.5,26.9,44.8,980.1,3.0,13.9,99.2,,2026-02-06 17:00:00,+08:00,1770397200,2026-02-06 10:30:06
14334,93.0,2025-11-24 20:43:16,14334,"新兴南外,  (云浮市新兴南外)",https://aqicn.org/city/guangdong/yunfushi/xinxingnanwai,22.694085,112.234114,59,pm25,59.0,25.0,40.7,3.2,3.1,4.6,26.6,49.9,1006.5,1.0,15.3,99.1,,2026-02-06 17:00:00,+08:00,1770397200,2026-02-06 10:30:07
14306,78.0,2025-11-24 20:43:16,14306,"惠东莲花地,  (惠州市惠东莲花地)",https://aqicn.org/city/guangdong/huizhoushi/huidonglianhuadi,22.99122,114.737797,49,o3,38.0,14.0,48.8,5.5,5.1,4.6,24.8,72.5,1012.5,0.7,,,,2026-02-06 17:00:00,+08:00,1770397200,2026-02-06 10:30:07
822,85.0,2025-11-24 20:43:16,822,"Yangtze River tourist area, Zhongshan (中山长江旅游区)",https://aqicn.org/city/guangdong/zhongshan/changjianglvyouqu,22.4886,113.434,38,o3,25.0,10.0,37.8,4.2,3.1,3.7,23.0,73.0,1013.0,3.6,18.0,,,2026-02-06 17:00:00,+08:00,1770397200,2026-02-06 10:30:07
14337,89.0,2025-11-24 20:43:16,14337,"北郊,  (江门市北郊)",https://aqicn.org/city/guangdong/jiangmenshi/beijiao,22.2033,112.3425,39,o3,25.0,31.0,38.6,5.1,2.6,4.6,24.9,47.9,1002.8,3.0,13.1,99.1,,2026-02-06 17:00:00,+08:00,1770397200,2026-02-06 10:30:08
3424,82.0,2025-11-24 20:43:16,3424,"Wanan, Quanzhou (泉州万安)",https://aqicn.org/city/china/quanzhou/wanan,24.9424,118.6663,117,pm25,117.0,55.0,,8.7,1.6,5.5,17.0,77.0,1015.0,4.6,13.0,,,2026-02-06 18:00:00,+08:00,1770400800,2026-02-06 10:30:08
14264,70.0,2025-11-24 20:43:16,14264,"增城荔城,  (广州市增城荔城)",https://aqicn.org/city/guangdong/guangzhoushi/zengchenglicheng,23.2614,113.8051,87,o3,65.0,29.0,87.1,10.1,3.6,3.7,27.0,44.0,1012.0,1.5,14.0,,,2026-02-06 17:00:00,+08:00,1770397200,2026-02-06 10:30:09
793,95.0,2025-11-24 20:43:16,793,"Gāomíng kǒngtáng, Foshan (佛山高明孔堂)",https://aqicn.org/city/guangdong/fushan/gaomingkongtang,22.8693,112.844,57,pm25,57.0,30.0,56.5,6.9,2.1,4.6,26.0,47.0,1013.0,0.5,14.0,,,2026-02-06 18:00:00,+08:00,1770400800,2026-02-06 10:30:09
5506,65.0,2025-11-24 20:43:16,5506,"Viet Tri, Vietnam (Tp Việt Trì)",https://aqicn.org/city/vietnam/viet-tri,21.33847,105.3673,123,pm25,123.0,65.0,14.0,1.0,3.0,6.0,24.0,78.0,1012.0,4.6,20.0,,,2026-02-06 17:00:00,+07:00,1770397200,2026-02-06 10:30:10
14291,80.0,2025-11-24 20:43:16,14291,"佛冈沿江,  (清远市佛冈沿江)",https://aqicn.org/city/guangdong/qingyuanshi/fugangyanjiang,23.8825,113.5238,60,o3,59.0,31.0,59.7,7.8,5.6,4.6,27.0,44.0,1012.0,1.5,14.0,,,2026-02-06 17:00:00,+08:00,1770397200,2026-02-06 10:30:10
14293,76.0,2025-11-24 20:43:16,14293,"英德城南,  (清远市英德城南)",https://aqicn.org/city/guangdong/qingyuanshi/yingdechengnan,24.174395,113.41942,53,pm25,53.0,33.0,47.6,9.6,2.1,7.3,27.0,44.0,1012.0,1.5,14.0,,,2026-02-06 17:00:00,+08:00,1770397200,2026-02-06 10:30:10
14448,80.0,2025-11-24 20:43:16,14448,"沙头角子站, Shenzhen (盐田区 沙头角街道)",https://aqicn.org/city/shenzhen/shatoujiaozizhan,22.5634,114.2267,46,o3,30.0,14.0,45.9,8.3,5.1,3.7,23.1,74.9,1004.5,2.0,18.4,99.5,,2026-02-06 17:00:00,+08:00,1770397200,2026-02-06 10:30:11
7198,80.0,2025-11-24 20:43:16,7198,"nanjiang No1 middle school, Yulin (玉林南江一中)",https://aqicn.org/city/china/yulin/nanjiangyizhong,22.6164,110.1433,91,pm25,91.0,30.0,,2.8,0.6,4.6,25.5,57.9,996.8,3.0,16.6,,,2026-02-06 18:00:00,+08:00,1770400800,2026-02-06 10:30:11
14356,63.0,2025-11-24 20:43:16,14356,"龙川细坳,  (河源市龙川细坳)",https://aqicn.org/city/guangdong/heyuanshi/longchuanxiao,23.6442,112.7434,42,pm25,42.0,27.0,32.1,1.9,5.1,2.8,27.0,44.0,1012.0,1.5,14.0,,,2026-02-06 17:00:00,+08:00,1770397200,2026-02-06 10:30:11
916,82.0,2025-11-24 20:43:16,916,"Kwai Chung, Shenzhen (宝安区 新安街道)",https://aqicn.org/city/shenzhen/xixiang,22.575856,113.862238,38,pm25,38.0,22.0,30.9,25.2,4.1,4.6,22.0,78.0,1013.0,1.5,18.0,,,2026-02-06 18:00:00,+08:00,1770400800,2026-02-06 10:30:11
14263,70.0,2025-11-24 20:43:16,14263,"增城派潭,  (广州市增城派潭)",https://aqicn.org/city/guangdong/guangzhoushi/zengchengpaitan,23.496093,113.790235,82,pm25,82.0,37.0,79.3,11.0,5.6,6.4,27.0,44.0,1012.0,1.5,14.0,,,2026-02-06 17:00:00,+08:00,1770397200,2026-02-06 10:30:12
14230,63.0,2025-11-24 20:43:16,14230,"怀集三江口,  (肇庆市怀集三江口)",https://aqicn.org/city/guangdong/zhaoqingshi/huaijisanjiangkou,23.925704,112.173061,61,pm25,61.0,27.0,37.0,4.2,3.1,3.7,24.8,60.0,998.0,2.0,16.5,,,2026-02-06 17:00:00,+08:00,1770397200,2026-02-06 10:30:13
804,104.0,2025-11-24 20:43:16,804,"Guīfēngxi, Jiangmen (江门圭峰西)",https://aqicn.org/city/guangdong/jiangmen/guifengxi,22.5328,113.024,45,o3,42.0,32.0,45.1,6.0,2.6,4.6,22.0,73.0,1013.0,3.0,17.0,,,2026-02-06 17:00:00,+08:00,1770397200,2026-02-06 10:30:13
930,82.0,2025-11-24 20:43:16,930,"Guangming, Shenzhen (光明区 光明街道)",https://aqicn.org/city/shenzhen/guangming,22.723285,114.417292,42,o3,25.0,11.0,41.5,10.6,3.6,4.6,24.3,74.0,1012.6,0.7,,,,2026-02-06 17:00:00,+08:00,1770397200,2026-02-06 10:30:13
1342,112.0,2025-11-24 20:43:16,1342,"Xiuying Hainan Hospital, Haikou (海口秀英海南医院)",https://aqicn.org/city/china/haikou/xiuyinghainanyiyuan,20.0053,110.283,30,pm25,30.0,16.0,36.6,3.2,3.6,2.8,25.0,69.0,1013.0,3.6,19.0,,,2026-02-06 18:00:00,+08:00,1770400800,2026-02-06 10:30:14
14278,95.0,2025-11-24 20:43:16,14278,"南海狮山,  (佛山市南海狮山)",https://aqicn.org/city/guangdong/fushanshi/nanhaishishan,23.17846,112.989113,42,o3,34.0,21.0,41.5,4.6,2.6,4.6,27.0,44.0,1012.0,1.5,14.0,,,2026-02-06 17:00:00,+08:00,1770397200,2026-02-06 10:30:14
14315,112.0,2025-11-24 20:43:16,14315,"普宁城北,  (揭阳市普宁城北)",https://aqicn.org/city/guangdong/jieyangshi/puningchengbei,23.30725,116.158694,59,pm25,59.0,53.0,48.8,5.1,1.6,4.6,26.0,50.0,1012.0,3.6,15.0,,,2026-02-06 17:00:00,+08:00,1770397200,2026-02-06 10:30:14
3486,70.0,2025-11-24 20:43:16,4256,"Lónghúzi, Shantou (汕头龙湖子站)",https://aqicn.org/city/guangdong/shantou/longhuzizhan,23.3633,116.7244,70,pm25,70.0,40.0,24.0,22.0,5.1,6.4,24.0,57.0,1013.0,2.5,15.0,,,2026-02-06 18:00:00,+08:00,1770400800,2026-02-06 10:30:15
14325,82.0,2025-11-24 20:43:16,14325,"电白水东,  (茂名市电白水东)",https://aqicn.org/city/guangdong/maomingshi/dianbaishuidong,21.5165,111.01,28,o3,21.0,16.0,28.1,6.9,3.6,2.8,23.4,74.9,1007.8,2.0,18.7,,,2026-02-06 17:00:00,+08:00,1770397200,2026-02-06 10:30:15
9886,87.0,2025-11-24 20:43:16,9886,"州图书馆, Honghe (红河州州图书馆)",https://aqicn.org/city/china/honghezhou/zhoutushuguan,23.3682,103.3758,72,pm25,72.0,25.0,,2.8,5.6,4.6,24.4,26.1,865.6,3.0,3.7,,,2026-02-06 18:00:00,+08:00,1770400800,2026-02-06 10:30:15
14524,70.0,2025-11-24 20:43:16,14524,"青年创业园, Kunming (昆明青年创业园)",https://aqicn.org/city/china/kunming/qingnianchuangyeyuan,24.8336,102.8017,65,pm25,65.0,23.0,,1.9,2.6,3.7,18.0,18.0,1018.0,5.6,-6.0,,,2026-02-06 18:00:00,+08:00,1770400800,2026-02-06 10:30:15
14346,82.0,2025-11-24 20:43:16,14346,"大亚湾霞涌,  (惠州市大亚湾霞涌)",https://aqicn.org/city/guangdong/huizhoushi/dayawanxiayong,22.775,114.6517,49,o3,42.0,14.0,48.8,6.0,2.1,5.5,24.8,72.5,1012.5,0.7,,,,2026-02-06 17:00:00,+08:00,1770397200,2026-02-06 10:30:16
14300,65.0,2025-11-24 20:43:16,14300,"紫金紫城,  (河源市紫金紫城)",https://aqicn.org/city/guangdong/heyuanshi/zijinzicheng,23.644268,115.195303,38,pm25,38.0,11.0,37.8,2.8,3.1,5.5,28.3,38.9,999.1,1.0,13.0,99.1,,2026-02-06 17:00:00,+08:00,1770397200,2026-02-06 10:30:16
4272,74.0,2025-11-24 20:43:16,4272,"Xincheng Middle School, Shanwei (汕尾新城中学)",https://aqicn.org/city/guangdong/shanwei/xinchengzhongxue,22.7925,115.3622,44,o3,57.0,23.0,43.9,6.4,2.6,5.5,23.2,66.9,1011.1,3.0,16.7,99.1,,2026-02-06 17:00:00,+08:00,1770397200,2026-02-06 10:30:17
14472,68.0,2025-11-24 20:43:16,14472,"小漠子站, Shenzhen (深汕合作区 小漠镇)",https://aqicn.org/city/shenzhen/xiaomozizhan,22.78084,115.04496,52,o3,30.0,15.0,51.9,3.2,2.1,4.6,24.3,74.0,1012.6,0.7,,,,2026-02-06 17:00:00,+08:00,1770397200,2026-02-06 10:30:17
4343,89.0,2025-11-24 20:43:16,4343,Yangjiang (阳江),https://aqicn.org/city/yangjiang,21.857958,111.982232,38,o3,13.0,24.0,37.8,3.2,3.6,4.6,24.9,47.9,1002.8,3.0,,99.1,,2026-02-06 17:00:00,+08:00,1770397200,2026-02-06 10:30:18
14271,70.0,2025-11-24 20:43:16,14271,"东莞松山湖,  (东莞市东莞松山湖)",https://aqicn.org/city/guangdong/dongguanshi/dongguansongshanhu,22.925278,113.881944,44,o3,21.0,18.0,44.3,7.8,2.6,3.7,23.0,68.0,1013.0,2.5,17.0,,,2026-02-06 17:00:00,+08:00,1770397200,2026-02-06 10:30:18
14367,91.0,2025-11-24 20:43:16,14367,"天河奥体,  (广州市天河奥体)",https://aqicn.org/city/guangdong/guangzhoushi/tianheaoti,23.1467,113.405,86,o3,38.0,22.0,85.8,9.6,1.1,3.7,27.0,44.0,1012.0,1.5,14.0,,,2026-02-06 17:00:00,+08:00,1770397200,2026-02-06 10:30:18
14251,65.0,2025-11-24 20:43:16,14251,"海丰牛黄山,  (汕尾市海丰牛黄山)",https://aqicn.org/city/guangdong/shanweishi/haifengniuhuangshan,22.972396,115.324567,41,o3,13.0,17.0,40.7,4.6,1.6,4.6,23.2,66.9,1011.1,3.0,16.7,99.1,,2026-02-06 17:00:00,+08:00,1770397200,2026-02-06 10:30:19
1659,74.0,2025-11-24 20:43:16,1659,"Magong, Taiwan (馬公)",https://aqicn.org/city/taiwan/magong,23.569031,119.566158,89,pm25,89.0,53.0,36.5,7.0,0.8,3.4,19.5,88.0,1014.7,3.1,18.0,,,2026-02-06 18:00:00,+08:00,1770400800,2026-02-06 10:30:19
7220,95.0,2025-11-24 20:43:16,7220,"City convenient service centers, Wenshan (文山州市便民服务中心)",https://aqicn.org/city/china/wenshanzhou/shibianminfuwuzhongxin,23.3892,104.2319,97,pm25,97.0,40.0,,3.2,2.6,5.5,24.4,26.1,865.6,3.0,3.7,,,2026-02-06 18:00:00,+08:00,1770400800,2026-02-06 10:30:20
14252,65.0,2025-11-24 20:43:16,14252,"丰顺汤坑,  (梅州市丰顺汤坑)",https://aqicn.org/city/guangdong/meizhoushi/fengshuntangkang,23.4433,116.1057,61,pm25,61.0,28.0,53.2,4.2,4.1,5.5,26.0,50.0,1012.0,3.6,15.0,,,2026-02-06 17:00:00,+08:00,1770397200,2026-02-06 10:30:20
14309,68.0,2025-11-24 20:43:16,14309,"潮安庵北,  (潮州市潮安庵北)",https://aqicn.org/city/guangdong/chaozhoushi/chaoananbei,23.467778,116.671944,50,pm25,50.0,23.0,28.1,8.7,3.1,4.6,26.0,50.0,1012.0,3.6,15.0,,,2026-02-06 17:00:00,+08:00,1770397200,2026-02-06 10:30:20
14246,76.0,2025-11-24 20:43:16,14246,"连南城西,  (清远市连南城西)",https://aqicn.org/city/guangdong/qingyuanshi/liannanchengxi,24.719772,112.295012,112,pm25,112.0,63.0,25.2,6.0,4.6,9.1,24.8,60.0,998.0,2.0,16.5,,,2026-02-06 17:00:00,+08:00,1770397200,2026-02-06 10:30:21
14355,99.0,2025-11-24 20:43:16,14355,"吴川振文,  (湛江市吴川振文)",https://aqicn.org/city/guangdong/zhanjiangshi/wuchuanzhenwen,21.4103,110.7086,38,pm25,38.0,14.0,33.8,6.9,4.6,5.5,23.4,74.9,1007.8,2.0,18.7,,,2026-02-06 17:00:00,+08:00,1770397200,2026-02-06 10:30:21
14324,122.0,2025-11-24 20:43:16,14324,"徐闻东方路,  (湛江市徐闻东方路)",https://aqicn.org/city/guangdong/zhanjiangshi/xuwendongfanglu,20.342398,110.198618,31,o3,25.0,15.0,31.3,1.9,3.1,4.6,26.0,65.0,1012.0,2.5,19.0,,,2026-02-06 17:00:00,+08:00,1770397200,2026-02-06 10:30:21
14369,104.0,2025-11-24 20:43:16,14369,"白云石井,  (广州市白云石井)",https://aqicn.org/city/guangdong/guangzhoushi/baiyunshijing,23.2264,113.2383,73,o3,42.0,21.0,73.4,11.9,2.1,3.7,27.0,44.0,1012.0,1.5,14.0,,,2026-02-06 17:00:00,+08:00,1770397200,2026-02-06 10:30:21
14310,72.0,2025-11-24 20:43:16,14310,"饶平城北,  (潮州市饶平城北)",https://aqicn.org/city/guangdong/chaozhoushi/raopingchengbei,23.686944,117.0075,65,pm25,65.0,30.0,41.5,7.8,4.6,2.8,26.0,50.0,1012.0,3.6,15.0,,,2026-02-06 17:00:00,+08:00,1770397200,2026-02-06 10:30:21
13763,,2025-11-24 20:43:16,13763,"Ninh Bình/Cúc Phương, Đông Phong, Nho Quan - KTTV - Trạm cảm biến, Vietnam",https://aqicn.org/city/vietnam/ninh-binh/cuc-phuong--dong-phong--nho-quan-kttv-tram-cam-bien,20.320741,105.745489,53,pm10,34.0,53.0,4.0,23.0,9.0,40.0,22.0,85.5,1015.5,1.5,19.5,,,2026-02-06 11:00:00,+07:00,1770375600,2026-02-06 10:30:22
14307,68.0,2025-11-24 20:43:16,14307,"龙门县龙城,  (惠州市龙门县龙城)",https://aqicn.org/city/guangdong/huizhoushi/longmenxianlongcheng,23.736634,114.250945,48,o3,38.0,11.0,47.6,3.2,5.1,2.8,28.3,38.9,999.1,1.0,13.0,99.1,,2026-02-06 17:00:00,+08:00,1770397200,2026-02-06 10:30:22
14218,72.0,2025-11-24 20:43:16,14218,"罗定罗光,  (云浮市罗定罗光)",https://aqicn.org/city/guangdong/yunfushi/luodingluoguang,22.578889,111.342222,46,pm25,46.0,10.0,33.8,1.4,6.6,3.7,24.6,59.9,997.6,3.0,16.3,,,2026-02-06 17:00:00,+08:00,1770397200,2026-02-06 10:30:22
14288,91.0,2025-11-24 20:43:16,14288,"开平卫民,  (江门市开平卫民)",https://aqicn.org/city/guangdong/jiangmenshi/kaipingweimin,22.382749,112.713362,34,o3,25.0,31.0,33.8,2.8,5.6,3.7,23.0,73.0,1013.0,3.6,18.0,,,2026-02-06 17:00:00,+08:00,1770397200,2026-02-06 10:30:23
7036,78.0,2025-11-24 20:43:16,7036,"yú hú, Jieyang (揭阳渔湖)",https://aqicn.org/city/guangdong/jieyang/yuhu,23.5292,116.4094,63,pm25,63.0,55.0,57.1,15.1,3.6,7.3,24.0,57.0,1013.0,2.5,15.0,,,2026-02-06 18:00:00,+08:00,1770400800,2026-02-06 10:30:23
14518,65.0,2025-11-24 20:43:16,14518,"Puer No2 middle school, Pu'er (普洱普洱第二中学)",https://aqicn.org/city/china/puer/puerdierzhongxue,22.8322,100.9817,34,pm25,34.0,31.0,,1.9,2.6,3.7,21.4,28.1,859.7,2.0,2.2,,,2026-02-06 17:00:00,+08:00,1770397200,2026-02-06 10:30:23
14304,72.0,2025-11-24 20:43:16,14304,"兴宁南坛,  (梅州市兴宁南坛)",https://aqicn.org/city/guangdong/meizhoushi/xingningnantan,24.81406,115.435232,42,pm25,42.0,16.0,37.0,3.2,3.6,4.6,26.0,40.1,977.4,2.0,11.4,99.1,,2026-02-06 17:00:00,+08:00,1770397200,2026-02-06 10:30:24
14402,112.0,2025-11-24 20:43:16,14402,"和平南堤,  (河源市和平南堤)",https://aqicn.org/city/guangdong/heyuanshi/hepingnandi,23.7506,114.7389,57,pm25,57.0,36.0,42.3,3.7,4.1,2.8,28.3,38.9,999.1,1.0,13.0,99.1,,2026-02-06 17:00:00,+08:00,1770397200,2026-02-06 10:30:24
7188,91.0,2025-11-24 20:43:16,7188,"dàhǎi huāyuán, Fangchenggang (防城港大海花园)",https://aqicn.org/city/china/fangchenggang/dahaihuayuan,21.6414,108.3506,152,pm25,152.0,61.0,,25.6,5.1,6.4,22.2,82.1,1012.9,1.0,19.0,99.1,,2026-02-06 18:00:00,+08:00,1770400800,2026-02-06 10:30:24
14250,53.0,2025-11-24 20:43:16,14250,"陆丰迎仙桥,  (汕尾市陆丰迎仙桥)",https://aqicn.org/city/guangdong/shanweishi/lufengyingxianqiao,22.944338,115.644099,45,o3,38.0,11.0,45.1,5.5,3.1,5.5,23.2,66.9,1011.1,3.0,16.7,99.1,,2026-02-06 17:00:00,+08:00,1770397200,2026-02-06 10:30:25
14353,82.0,2025-11-24 20:43:16,14353,"两阳中学,  (阳江市两阳中学)",https://aqicn.org/city/guangdong/yangjiangshi/liangyangzhongxue,21.893,111.977,37,o3,17.0,13.0,37.0,4.6,2.6,3.7,24.9,47.9,1002.8,3.0,13.1,99.1,,2026-02-06 17:00:00,+08:00,1770397200,2026-02-06 10:30:25
14329,89.0,2025-11-24 20:43:16,14329,"信宜六谢,  (茂名市信宜六谢)",https://aqicn.org/city/guangdong/maomingshi/xinyiliuxie,22.349098,110.935868,42,pm25,42.0,25.0,36.2,3.2,2.6,3.7,24.6,59.9,997.6,3.0,16.3,,,2026-02-06 17:00:00,+08:00,1770397200,2026-02-06 10:30:25
14220,89.0,2025-11-24 20:43:16,14220,"丰顺八乡山,  (梅州市丰顺八乡山)",https://aqicn.org/city/guangdong/meizhoushi/fengshunbaxiangshan,23.462,115.5754,56,o3,30.0,23.0,55.8,3.2,3.6,1.9,26.0,50.0,1012.0,3.6,15.0,,,2026-02-06 17:00:00,+08:00,1770397200,2026-02-06 10:30:25
1658,85.0,2025-11-24 20:43:16,1658,"Kinmen, Taiwan (金門)",https://aqicn.org/city/taiwan/kinmen,24.432133,118.312256,89,pm25,89.0,42.0,38.7,11.3,1.3,3.6,16.5,81.0,1014.0,4.0,14.0,,,2026-02-06 18:00:00,+08:00,1770400800,2026-02-06 10:30:26
4293,104.0,2025-11-24 20:43:16,4263,"Zhanjiang Theatre, Zhanjiang (湛江湛江影剧院)",https://aqicn.org/city/guangdong/zhanjiang/zhanjiangyingjuyuan,21.2706,110.3539,42,pm25,42.0,32.0,33.8,7.8,2.1,4.6,24.7,68.9,1006.9,3.0,18.6,,,2026-02-06 18:00:00,+08:00,1770400800,2026-02-06 10:30:26
7199,76.0,2025-11-24 20:43:16,7199,"City Monitoring Station, Baise (百色市监测站)",https://aqicn.org/city/china/baise/shijiancezhan,23.9011,106.6103,82,pm25,82.0,32.0,,4.6,4.1,6.4,25.0,51.1,992.1,2.0,14.2,,,2026-02-06 18:00:00,+08:00,1770400800,2026-02-06 10:30:26
14409,76.0,2025-11-24 20:43:16,14409,"梅江月梅,  (梅州市梅江月梅)",https://aqicn.org/city/guangdong/meizhoushi/meijiangyuemei,24.3289,116.1278,53,pm25,53.0,26.0,45.1,4.6,2.6,4.6,26.0,50.0,1012.0,3.6,15.0,,,2026-02-06 17:00:00,+08:00,1770397200,2026-02-06 10:30:27
14350,82.0,2025-11-24 20:43:16,14350,"中山南区,  (中山市中山南区)",https://aqicn.org/city/guangdong/zhongshanshi/zhongshannanqu,22.4777,113.3536,48,o3,46.0,16.0,48.4,6.4,2.1,2.8,23.0,73.0,1013.0,3.6,18.0,,,2026-02-06 17:00:00,+08:00,1770397200,2026-02-06 10:30:27
14245,63.0,2025-11-24 20:43:16,14245,"连山广德,  (清远市连山广德)",https://aqicn.org/city/guangdong/qingyuanshi/lianshanguangde,24.572861,112.105194,76,pm25,76.0,26.0,35.8,4.2,3.1,5.5,24.8,60.0,998.0,2.0,16.5,,,2026-02-06 17:00:00,+08:00,1770397200,2026-02-06 10:30:29
14360,122.0,2025-11-24 20:43:16,14360,"沙湖,  (江门市沙湖)",https://aqicn.org/city/guangdong/jiangmenshi/shahu,22.3517,112.4686,82,pm25,82.0,42.0,39.0,3.7,3.1,4.6,23.7,72.7,1011.6,3.0,18.5,99.1,,2026-02-06 17:00:00,+08:00,1770397200,2026-02-06 10:30:29
4341,85.0,2025-11-24 20:43:16,4341,Meizhou (梅州),https://aqicn.org/city/meizhou,24.288615,116.122239,44,o3,42.0,14.0,43.5,5.1,3.6,4.6,26.0,50.0,1012.0,3.6,,,,2026-02-06 17:00:00,+08:00,1770397200,2026-02-06 10:30:30
14217,80.0,2025-11-24 20:43:16,14217,"台山端芬,  (江门市台山端芬)",https://aqicn.org/city/guangdong/jiangmenshi/taishanduanfen,22.0608,112.607,40,o3,46.0,10.0,40.3,1.0,3.6,2.8,23.7,72.7,1011.6,3.0,18.5,99.1,,2026-02-06 17:00:00,+08:00,1770397200,2026-02-06 10:30:30
1333,93.0,2025-11-24 20:43:16,1333,"Běihú, Nanning (南宁北湖)",https://aqicn.org/city/china/nanning/beihu,22.8561,108.316,80,pm25,80.0,54.0,,9.6,1.1,4.6,24.0,69.0,1013.0,3.6,18.0,,,2026-02-06 18:00:00,+08:00,1770400800,2026-02-06 10:30:30
14314,80.0,2025-11-24 20:43:16,14314,"揭西河婆,  (揭阳市揭西河婆)",https://aqicn.org/city/guangdong/jieyangshi/jiexihepo,23.451721,115.861473,78,pm25,78.0,29.0,42.7,3.7,5.1,2.8,26.0,50.0,1012.0,3.6,15.0,,,2026-02-06 17:00:00,+08:00,1770397200,2026-02-06 10:30:30
14470,74.0,2025-11-24 20:43:16,14470,"较场尾, Shenzhen (大鹏新区 大鹏街道)",https://aqicn.org/city/shenzhen/jiaochangwei,22.598801,114.515576,53,pm25,53.0,22.0,45.5,,5.1,5.5,24.3,74.0,1012.6,0.7,,,,2026-02-06 17:00:00,+08:00,1770397200,2026-02-06 10:30:30
1378,85.0,2025-11-24 20:43:16,1378,"Chenggong New Area, Kunming (昆明呈贡新区)",https://aqicn.org/city/china/kunming/chenggongxinqu,24.8885,102.821,34,pm25,34.0,29.0,,4.2,2.6,1.9,19.0,17.0,1018.0,4.6,-6.0,,,2026-02-06 17:00:00,+08:00,1770397200,2026-02-06 10:30:31
917,85.0,2025-11-24 20:43:16,917,"Songgang, Shenzhen (宝安区 松岗街道)",https://aqicn.org/city/shenzhen/songgang,22.764405,113.848641,35,o3,17.0,15.0,35.0,8.7,3.6,5.5,23.0,68.0,1013.0,2.5,17.0,,,2026-02-06 17:00:00,+08:00,1770397200,2026-02-06 10:30:32
14238,74.0,2025-11-24 20:43:16,14238,"陆河河田,  (汕尾市陆河河田)",https://aqicn.org/city/guangdong/shanweishi/luhehetian,23.1819,115.40912,59,pm25,59.0,19.0,26.4,4.6,1.1,2.8,23.2,66.9,1011.1,3.0,16.7,99.1,,2026-02-06 17:00:00,+08:00,1770397200,2026-02-06 10:30:32
14305,93.0,2025-11-24 20:43:16,14305,"博罗罗阳,  (惠州市博罗罗阳)",https://aqicn.org/city/guangdong/huizhoushi/boluoluoyang,23.174541,114.293803,95,o3,70.0,37.0,94.9,8.3,3.1,4.6,26.7,48.4,1011.3,2.0,14.9,99.5,,2026-02-06 17:00:00,+08:00,1770397200,2026-02-06 10:30:33
14255,72.0,2025-11-24 20:43:16,14255,"乳源乳城,  (韶关市乳源乳城)",https://aqicn.org/city/guangdong/shaoguanshi/ruyuanrucheng,24.775104,113.284707,139,pm25,139.0,56.0,33.3,6.0,2.6,10.0,25.1,54.9,998.7,3.0,15.4,,,2026-02-06 17:00:00,+08:00,1770397200,2026-02-06 10:30:33
14317,72.0,2025-11-24 20:43:16,14317,"阳春城东,  (阳江市阳春城东)",https://aqicn.org/city/guangdong/yangjiangshi/yangchunchengdong,22.177671,111.804279,53,pm25,53.0,26.0,32.5,3.7,8.2,7.3,24.9,47.9,1002.8,3.0,13.1,99.1,,2026-02-06 17:00:00,+08:00,1770397200,2026-02-06 10:30:34
7219,102.0,2025-11-24 20:43:16,7219,"State Water Authority, Wenshan (文山州州水务局)",https://aqicn.org/city/china/wenshanzhou/zhoushuiwuju,23.3594,104.2533,85,pm25,85.0,40.0,,1.9,3.6,2.8,24.4,26.1,865.6,3.0,3.7,,,2026-02-06 18:00:00,+08:00,1770400800,2026-02-06 10:30:34
14320,89.0,2025-11-24 20:43:16,14320,"雷州朝南,  (湛江市雷州朝南)",https://aqicn.org/city/guangdong/zhanjiangshi/leizhouchaonan,20.913124,110.105929,33,o3,25.0,19.0,33.3,2.8,4.1,1.9,23.4,74.9,1007.8,2.0,18.7,,,2026-02-06 17:00:00,+08:00,1770397200,2026-02-06 10:30:34
14239,89.0,2025-11-24 20:43:16,14239,"新丰丰城,  (韶关市新丰丰城)",https://aqicn.org/city/guangdong/shaoguanshi/xinfengfengcheng,24.064879,114.232013,42,pm25,42.0,20.0,34.2,4.2,4.1,7.3,26.9,44.8,980.1,3.0,13.9,99.2,,2026-02-06 16:00:00,+08:00,1770393600,2026-02-06 10:30:34
4692,74.0,2025-11-24 20:43:16,4692,"Chaonanzi Station, Shantou (汕头潮南子站)",https://aqicn.org/city/china/shantou/chaonanzizhan,23.2536,116.4019,82,pm25,82.0,48.0,,13.8,3.6,,24.0,57.0,1013.0,2.5,15.0,,,2026-02-06 18:00:00,+08:00,1770400800,2026-02-06 10:30:35
14241,72.0,2025-11-24 20:43:16,14241,"大埔湖寮,  (梅州市大埔湖寮)",https://aqicn.org/city/guangdong/meizhoushi/dapuhuliao,24.210664,116.411486,61,pm25,61.0,26.0,37.4,3.2,2.1,6.4,26.0,50.0,1012.0,3.6,15.0,,,2026-02-06 17:00:00,+08:00,1770397200,2026-02-06 10:30:35
14225,63.0,2025-11-24 20:43:16,14225,"封开府前,  (肇庆市封开府前)",https://aqicn.org/city/guangdong/zhaoqingshi/fengkaifuqian,23.425061,111.515576,65,pm25,65.0,38.0,41.5,10.6,7.6,10.9,26.4,54.9,999.3,1.0,16.6,99.1,,2026-02-06 17:00:00,+08:00,1770397200,2026-02-06 10:30:35
14240,91.0,2025-11-24 20:43:16,14240,"翁源龙仙,  (韶关市翁源龙仙)",https://aqicn.org/city/guangdong/shaoguanshi/wengyuanlongxian,24.362844,114.143038,53,pm25,53.0,24.0,43.1,3.7,3.6,5.5,26.9,44.8,980.1,3.0,13.9,99.2,,2026-02-06 17:00:00,+08:00,1770397200,2026-02-06 10:30:36
7205,91.0,2025-11-24 20:43:16,7204,"City EPA station, Hechi (河池市环保站)",https://aqicn.org/city/china/hechi/shihuanbaozhan,24.6928,108.054,46,pm25,46.0,18.0,,6.0,1.1,8.2,22.2,50.1,984.1,2.0,11.3,99.1,,2026-02-06 18:00:00,+08:00,1770400800,2026-02-06 10:30:36
14384,122.0,2025-11-24 20:43:16,14384,"高明更合,  (佛山市高明更合)",https://aqicn.org/city/guangdong/fushanshi/gaominggenghe,22.8051,112.5151,61,pm25,61.0,19.0,32.1,3.2,4.6,3.7,26.6,49.9,1006.5,1.0,15.3,99.1,,2026-02-06 17:00:00,+08:00,1770397200,2026-02-06 10:30:37
801,61.0,2025-11-24 20:43:16,801,"Shuāngqiáo, Jiangmen (江门双桥)",https://aqicn.org/city/guangdong/jiangmen/shuangqiao,22.5862,112.5814,36,o3,34.0,16.0,35.8,2.8,1.6,3.7,26.6,49.9,1006.5,1.0,15.3,99.1,,2026-02-06 17:00:00,+08:00,1770397200,2026-02-06 10:30:37
14296,80.0,2025-11-24 20:43:16,14296,"连平连中,  (河源市连平连中)",https://aqicn.org/city/guangdong/heyuanshi/lianpinglianzhong,24.375277,114.473055,46,pm25,46.0,20.0,41.1,2.8,4.1,5.5,26.9,44.8,980.1,3.0,13.9,99.2,,2026-02-06 17:00:00,+08:00,1770397200,2026-02-06 10:30:37
14399,74.0,2025-11-24 20:43:16,14399,"高明富湾,  (佛山市高明富湾)",https://aqicn.org/city/guangdong/fushanshi/gaomingfuwan,23.0015,112.8441,72,pm25,72.0,24.0,41.5,7.8,3.1,1.9,27.0,44.0,1012.0,1.5,14.0,,,2026-02-06 17:00:00,+08:00,1770397200,2026-02-06 10:30:38
1502,82.0,2025-11-24 20:43:16,1502,Quanzhou (泉州),https://aqicn.org/city/quanzhou,24.874699,118.675464,122,pm25,122.0,55.0,,9.6,2.6,5.5,17.0,77.0,1015.0,4.6,,,,2026-02-06 18:00:00,+08:00,1770400800,2026-02-06 10:30:38
12916,72.0,2025-11-24 20:43:16,12916,"Island/Taipower Guoyeh, Taiwan",https://aqicn.org/city/taiwan/island/taipower-guoyeh,23.57886111,119.6763056,76,pm25,76.0,68.0,,,,,19.5,88.0,1014.7,3.1,18.0,,,2026-02-06 18:00:00,+08:00,1770400800,2026-02-06 10:30:38
14219,114.0,2025-11-24 20:43:16,14219,"徐闻海安,  (湛江市徐闻海安)",https://aqicn.org/city/guangdong/zhanjiangshi/xuwenhaian,20.521388,110.314666,42,pm25,42.0,20.0,31.3,2.8,4.6,7.3,26.0,65.0,1012.0,2.5,19.0,,,2026-02-06 17:00:00,+08:00,1770397200,2026-02-06 10:30:39
7185,80.0,2025-11-24 20:43:16,7185,"lóng xīn, Wuzhou (梧州龙新)",https://aqicn.org/city/china/wuzhou/longxin,23.4794,111.26,80,pm25,80.0,42.0,,1.9,3.6,5.5,26.4,54.9,999.3,1.0,16.6,99.1,,2026-02-06 18:00:00,+08:00,1770400800,2026-02-06 10:30:39
2568,72.0,2025-11-24 20:43:16,2568,"Tung Chung, HongKong (東涌)",https://aqicn.org/city/hongkong/tung-chung,22.288916,113.9435389,68,pm25,68.0,25.0,9.1,36.7,2.3,8.6,24.0,69.0,1013.0,1.5,18.0,,,2026-02-06 17:00:00,+08:00,1770397200,2026-02-06 10:30:39
3450,74.0,2025-11-24 20:43:16,3450,"Hexi water supply company, Liuzhou (柳州河西水厂)",https://aqicn.org/city/china/liuzhou/hexishuichang,24.3406,109.3886,42,pm25,42.0,16.0,,4.2,3.1,5.5,18.0,64.9,980.1,5.0,11.3,99.7,,2026-02-06 18:00:00,+08:00,1770400800,2026-02-06 10:30:40
14357,63.0,2025-11-24 20:43:16,14357,"四会威整,  (肇庆市四会威整)",https://aqicn.org/city/guangdong/zhaoqingshi/sihuiweizheng,24.6969,115.1909,57,pm25,57.0,31.0,51.3,5.1,2.1,3.7,26.0,40.1,977.4,2.0,11.4,99.1,,2026-02-06 17:00:00,+08:00,1770397200,2026-02-06 10:30:41
1567,78.0,2025-11-24 20:43:16,1567,Yuxi (玉溪),https://aqicn.org/city/yuxi,24.352036,102.546543,132,pm25,132.0,56.0,,7.4,4.6,7.3,18.0,18.0,1018.0,5.6,,99.2,,2026-02-06 18:00:00,+08:00,1770400800,2026-02-06 10:30:41
14331,80.0,2025-11-24 20:43:16,14331,"高要湖西,  (肇庆市高要湖西)",https://aqicn.org/city/guangdong/zhaoqingshi/gaoyaohuxi,23.0166,112.4575,38,pm25,38.0,20.0,36.6,3.7,1.6,3.7,27.0,44.0,1012.0,1.5,14.0,,,2026-02-06 17:00:00,+08:00,1770397200,2026-02-06 10:30:42
14301,76.0,2025-11-24 20:43:16,14301,"蕉岭镇山,  (梅州市蕉岭镇山)",https://aqicn.org/city/guangdong/meizhoushi/jiaolingzhenshan,24.394411,116.10794,55,pm25,55.0,20.0,48.0,3.7,2.6,3.7,28.5,34.0,998.2,2.0,11.1,99.1,,2026-02-06 17:00:00,+08:00,1770397200,2026-02-06 10:30:42
7556,99.0,2025-11-24 20:43:16,9886,"州图书馆, Honghe (红河州州图书馆)",https://aqicn.org/city/china/honghezhou/zhoutushuguan,23.3682,103.3758,72,pm25,72.0,25.0,,2.8,5.6,4.6,24.4,26.1,865.6,3.0,3.7,,,2026-02-06 18:00:00,+08:00,1770400800,2026-02-06 10:30:42
14319,87.0,2025-11-24 20:43:16,14319,"阳西城区,  (阳江市阳西城区)",https://aqicn.org/city/guangdong/yangjiangshi/yangxichengqu,21.756039,111.613483,32,o3,13.0,17.0,31.7,3.2,3.1,5.5,24.9,47.9,1002.8,3.0,13.1,99.1,,2026-02-06 17:00:00,+08:00,1770397200,2026-02-06 10:30:42
4294,107.0,2025-11-24 20:43:16,4294,"Potou District EPB, Zhanjiang (湛江坡头区环保局)",https://aqicn.org/city/guangdong/zhanjiang/potouquhuanbaoju,21.2567,110.4558,68,pm25,68.0,25.0,38.6,4.6,1.6,5.5,24.7,68.9,1006.9,3.0,18.6,,,2026-02-06 18:00:00,+08:00,1770400800,2026-02-06 10:30:43
14397,87.0,2025-11-24 20:43:16,14397,"祥龙,  (江门市祥龙)",https://aqicn.org/city/guangdong/jiangmenshi/xianglong,22.3557,112.677,32,o3,21.0,11.0,32.1,2.3,3.1,4.6,23.0,73.0,1013.0,3.6,18.0,,,2026-02-06 17:00:00,+08:00,1770397200,2026-02-06 10:30:43
9848,89.0,2025-11-24 20:43:16,9848,"shì bāshí liù zhōng, Guangzhou (广州市八十六中)",https://aqicn.org/city/guangdong/guangzhou/shibashiliuzhong,23.105,113.433,83,o3,59.0,29.0,83.2,27.9,4.1,5.5,26.0,47.0,1013.0,0.5,14.0,,,2026-02-06 17:00:00,+08:00,1770397200,2026-02-06 10:30:44
14302,57.0,2025-11-24 20:43:16,14302,"平远大道,  (梅州市平远大道)",https://aqicn.org/city/guangdong/meizhoushi/pingyuandadao,24.334994,115.533932,72,pm25,72.0,27.0,48.0,2.8,2.6,4.6,28.5,34.0,998.2,2.0,11.1,99.1,,2026-02-06 17:00:00,+08:00,1770397200,2026-02-06 10:30:44
781,82.0,2025-11-24 20:43:16,781,"Tianhu, Guangzhou (广州天湖)",https://aqicn.org/city/guangdong/guangzhou/tianhu,23.6502,113.6246,46,o3,46.0,31.0,46.3,11.0,3.6,4.6,27.0,44.0,1012.0,1.5,14.0,,,2026-02-06 17:00:00,+08:00,1770397200,2026-02-06 10:30:44
4339,87.0,2025-11-24 20:43:16,4339,Jieyang (揭阳),https://aqicn.org/city/jieyang,23.549993,116.372831,65,pm25,65.0,40.0,46.3,14.2,3.6,7.3,24.0,57.0,1013.0,2.5,,,,2026-02-06 18:00:00,+08:00,1770400800,2026-02-06 10:30:44
14459,87.0,2025-11-24 20:43:16,14459,"龙田子站, Shenzhen (坪山区 龙田街道)",https://aqicn.org/city/shenzhen/longtianzizhan,22.72666,114.359167,37,o3,25.0,12.0,37.0,11.5,2.1,3.7,24.3,74.0,1012.6,0.7,,,,2026-02-06 17:00:00,+08:00,1770397200,2026-02-06 10:30:45
14412,82.0,2025-11-24 20:43:16,14412,"南城元美,  (东莞市南城元美)",https://aqicn.org/city/guangdong/dongguanshi/nanchengyuanmei,23.0206,113.7506,68,o3,68.0,20.0,67.5,8.7,3.6,7.3,23.0,68.0,1013.0,2.5,17.0,,,2026-02-06 17:00:00,+08:00,1770397200,2026-02-06 10:30:45
7186,87.0,2025-11-24 20:43:16,7186,"shā wàn, Fangchenggang (防城港沙万)",https://aqicn.org/city/china/fangchenggang/shawan,21.6158,108.3411,87,pm25,87.0,64.0,,25.6,3.6,4.6,22.2,82.1,1012.9,1.0,19.0,99.1,,2026-02-06 18:00:00,+08:00,1770400800,2026-02-06 10:30:46
3928,95.0,2025-11-24 20:43:16,3928,"Tuen Mun, HongKong (屯門)",https://aqicn.org/city/hongkong/tuen-mun,22.390373,113.97628,57,pm25,57.0,31.0,19.0,44.0,3.5,5.4,26.5,62.3,1013.5,1.0,,,,2026-02-06 17:00:00,+08:00,1770397200,2026-02-06 10:30:46
2571,92.0,2025-11-24 20:43:16,2571,"Central, HongKong (中環)",https://aqicn.org/city/hongkong/central,22.2796569,114.1719873,89,pm25,89.0,48.0,5.1,70.3,6.7,7.0,26.3,57.8,1012.8,2.0,,,,2026-02-06 17:00:00,+08:00,1770397200,2026-02-06 10:30:46
14295,89.0,2025-11-24 20:43:16,14295,"和平新华,  (河源市和平新华)",https://aqicn.org/city/guangdong/heyuanshi/hepingxinhua,24.407083,114.939138,41,o3,38.0,28.0,40.7,2.8,1.1,6.4,26.9,44.8,980.1,3.0,13.9,99.2,,2026-02-06 17:00:00,+08:00,1770397200,2026-02-06 10:30:46
7191,93.0,2025-11-24 20:43:16,7191,"gǎng qū yī xiǎo, Qinzhou (钦州港区一小)",https://aqicn.org/city/china/qinzhou/gangquyixiao,21.7431,108.5989,97,pm25,97.0,58.0,,19.7,0.6,7.3,22.5,79.1,1007.2,3.0,18.7,99.2,,2026-02-06 18:00:00,+08:00,1770400800,2026-02-06 10:30:47
14410,40.0,2025-11-24 20:43:16,14410,"南澳后宅,  (汕头市南澳后宅)",https://aqicn.org/city/guangdong/shantoushi/nanaohouzhai,23.428056,117.018611,55,pm25,55.0,29.0,36.6,3.2,3.6,3.7,26.0,50.0,1012.0,3.6,15.0,,,2026-02-06 17:00:00,+08:00,1770397200,2026-02-06 10:30:48
7200,102.0,2025-11-24 20:43:16,7200,"Blood Center, Baise (百色市中心血站)",https://aqicn.org/city/china/baise/shizhongxinxuezhan,23.8844,106.6527,82,pm25,82.0,40.0,,4.6,4.1,7.3,25.0,51.1,992.1,2.0,14.2,,,2026-02-06 18:00:00,+08:00,1770400800,2026-02-06 10:30:48
14234,89.0,2025-11-24 20:43:16,14234,"高栏港,  (珠海市高栏港)",https://aqicn.org/city/guangdong/zhuhaishi/gaolangang,21.9391,113.2308,42,pm25,42.0,17.0,22.4,35.2,5.1,3.7,23.0,73.0,1013.0,3.6,18.0,,,2026-02-06 17:00:00,+08:00,1770397200,2026-02-06 10:30:48
14322,117.0,2025-11-24 20:43:16,14322,"遂溪建设,  (湛江市遂溪建设)",https://aqicn.org/city/guangdong/zhanjiangshi/suixijianshe,21.382778,110.247778,38,pm25,38.0,30.0,32.9,8.3,2.1,1.9,23.4,74.9,1007.8,2.0,18.7,,,2026-02-06 17:00:00,+08:00,1770397200,2026-02-06 10:30:49
3489,82.0,2025-11-24 20:43:16,3489,"Forest area, Shaoguan (韶关园林处)",https://aqicn.org/city/china/shaoguan/yuanlinchu,24.795928,113.598061,144,pm25,144.0,55.0,,7.8,3.6,,25.1,54.9,998.7,3.0,15.4,,,2026-02-06 18:00:00,+08:00,1770400800,2026-02-06 10:30:49
14267,87.0,2025-11-24 20:43:16,14267,"始兴丹凤,  (韶关市始兴丹凤)",https://aqicn.org/city/guangdong/shaoguanshi/shixingdanfeng,24.959292,114.070703,55,pm25,55.0,24.0,45.1,4.2,3.1,4.6,25.1,54.9,998.7,3.0,15.4,,,2026-02-06 17:00:00,+08:00,1770397200,2026-02-06 10:30:49
3514,80.0,2025-11-24 20:43:16,3514,Qingyuan (清远),https://aqicn.org/city/qingyuan,23.681764,113.056031,80,pm25,80.0,41.0,56.5,10.1,5.6,5.5,27.0,44.0,1012.0,1.5,,,,2026-02-06 17:00:00,+08:00,1770397200,2026-02-06 10:30:50
7189,50.0,2025-11-24 20:43:16,7189,"City EPA station, Qinzhou (钦州市环保站)",https://aqicn.org/city/china/qinzhou/shihuanbaozhan,21.9667,108.6236,82,pm25,82.0,53.0,,12.8,3.1,5.5,24.0,69.0,1013.0,3.6,18.0,,,2026-02-06 18:00:00,+08:00,1770400800,2026-02-06 10:30:50
4338,85.0,2025-11-24 20:43:16,4338,Chaozhou (潮州),https://aqicn.org/city/chaozhou,23.65695,116.622604,99,pm25,99.0,36.0,38.6,8.7,2.1,2.8,26.0,50.0,1012.0,3.6,,,,2026-02-06 17:00:00,+08:00,1770397200,2026-02-06 10:30:51
4282,85.0,2025-11-24 20:43:16,4282,"Xiyuan Road, Chaozhou (潮州西园路)",https://aqicn.org/city/guangdong/chaozhou/xiyuanlu,23.6714,116.6339,99,pm25,99.0,36.0,38.6,8.7,2.1,2.8,26.0,50.0,1012.0,3.6,15.0,,,2026-02-06 17:00:00,+08:00,1770397200,2026-02-06 10:30:51
4265,91.0,2025-11-24 20:43:16,4265,"Petrochemical No. 7 elementaty school, Maoming (茂名茂石化七小)",https://aqicn.org/city/guangdong/maoming/maoshihuaqixiao,21.6533,110.9294,32,o3,25.0,27.0,31.7,3.7,2.6,3.7,25.5,57.9,996.8,3.0,16.6,,,2026-02-06 17:00:00,+08:00,1770397200,2026-02-06 10:30:51
7217,68.0,2025-11-24 20:43:16,7217,"City EPA, Lincang (临沧市环保局)",https://aqicn.org/city/china/lincang/shihuanbaoju,23.8822,100.0869,34,pm25,34.0,32.0,,1.9,3.6,3.7,21.0,25.0,835.0,1.0,0.2,,,2026-02-06 18:00:00,+08:00,1770400800,2026-02-06 10:30:52
1540,89.0,2025-11-24 20:43:16,1540,Zhuhai (珠海),https://aqicn.org/city/zhuhai,22.270715,113.576726,44,o3,25.0,27.0,43.9,9.2,2.6,2.8,23.0,73.0,1013.0,3.6,,,,2026-02-06 17:00:00,+08:00,1770397200,2026-02-06 10:30:52
13253,63.0,2025-11-24 20:43:16,12961,"Bắc Ninh/TT Quan trắc - phường Suối Hoa - TP Bắc Ninh, Vietnam",https://aqicn.org/city/vietnam/bac-ninh/tt-quan-trac-phuong-suoi-hoa-tp-bac-ninh,21.1873402,106.0742958,10,pm25,10.0,5.0,5.0,,,2.0,24.0,78.0,1012.0,4.6,20.0,,,2026-02-06 17:00:00,+07:00,1770397200,2026-02-06 10:30:53
3423,78.0,2025-11-24 20:43:16,3423,"Jīntóu bù, Quanzhou (泉州津头埔)",https://aqicn.org/city/china/quanzhou/jintoupu,24.8978,118.5972,122,pm25,122.0,52.0,,9.6,2.6,5.5,17.0,77.0,1015.0,4.6,13.0,,,2026-02-06 18:00:00,+08:00,1770400800,2026-02-06 10:30:53
7195,61.0,2025-11-24 20:43:16,7195,"hé chéngzi zhàn, Guigang (贵港荷城子站)",https://aqicn.org/city/china/guigang/hechengzizhan,23.1036,109.5683,132,pm25,132.0,73.0,,8.7,3.1,10.9,25.4,62.8,997.5,2.0,17.8,,,2026-02-06 18:00:00,+08:00,1770400800,2026-02-06 10:30:54
1335,65.0,2025-11-24 20:43:16,1335,"Daziran Garden, Nanning (南宁大自然花园)",https://aqicn.org/city/china/nanning/daziranhuayuan,22.805,108.383,74,pm25,74.0,40.0,,5.5,3.1,4.6,24.0,69.0,1013.0,3.6,18.0,,,2026-02-06 18:00:00,+08:00,1770400800,2026-02-06 10:30:54
9857,80.0,2025-11-24 20:43:16,9857,"xīnshì fǔ, Yunfu (云浮新市府)",https://aqicn.org/city/guangdong/yunfu/xinshifu,22.9169,112.0392,28,o3,55.0,22.0,28.1,3.2,2.6,6.4,26.6,49.9,1006.5,1.0,15.3,99.1,,2026-02-06 17:00:00,+08:00,1770397200,2026-02-06 10:30:54
14243,68.0,2025-11-24 20:43:16,14243,"阳山城北,  (清远市阳山城北)",https://aqicn.org/city/guangdong/qingyuanshi/yangshanchengbei,24.477909,112.642972,89,pm25,89.0,32.0,37.8,5.5,3.1,6.4,24.8,60.0,998.0,2.0,16.5,,,2026-02-06 17:00:00,+08:00,1770397200,2026-02-06 10:30:54
14308,76.0,2025-11-24 20:43:16,14308,"仲恺陈江,  (惠州市仲恺陈江)",https://aqicn.org/city/guangdong/huizhoushi/zhongkaichenjiang,23.013941,114.325313,102,o3,53.0,40.0,101.6,10.6,2.6,4.6,26.7,48.4,1011.3,2.0,14.9,99.5,,2026-02-06 17:00:00,+08:00,1770397200,2026-02-06 10:30:55
14299,76.0,2025-11-24 20:43:16,14299,"龙川老隆,  (河源市龙川老隆)",https://aqicn.org/city/guangdong/heyuanshi/longchuanlaolong,24.111183,115.283371,53,pm25,53.0,16.0,44.3,3.2,3.6,8.2,28.3,38.9,999.1,1.0,13.0,99.1,,2026-02-06 17:00:00,+08:00,1770397200,2026-02-06 10:30:55
12961,13.0,2025-11-24 20:43:16,12961,"Bắc Ninh/TT Quan trắc - phường Suối Hoa - TP Bắc Ninh, Vietnam",https://aqicn.org/city/vietnam/bac-ninh/tt-quan-trac-phuong-suoi-hoa-tp-bac-ninh,21.1873402,106.0742958,10,pm25,10.0,5.0,5.0,,,2.0,24.0,78.0,1012.0,4.6,20.0,,,2026-02-06 17:00:00,+07:00,1770397200,2026-02-06 10:30:56
7206,93.0,2025-11-24 20:43:16,7206,"shì huánbǎo jú jiāng zhōu fēnjú, Chongzuo (崇左市环保局江州分局)",https://aqicn.org/city/china/chongzuo/shihuanbaojujiangzhoufenju,22.4137,107.3476,93,pm25,93.0,46.0,,5.1,3.6,6.4,24.0,69.0,1013.0,3.6,18.0,,,2026-02-06 18:00:00,+08:00,1770400800,2026-02-06 10:30:57
14641,77.0,2025-11-24 20:43:16,12957,"Bắc Ninh/Khu liên cơ Thuận Thành, Vietnam",https://aqicn.org/city/vietnam/bac-ninh/khu-lien-co-thuan-thanh,21.0272212,106.0342099,16,pm25,16.0,13.0,20.0,8.0,4.0,2.0,24.0,78.0,1012.0,4.6,20.0,,,2026-02-06 17:00:00,+07:00,1770397200,2026-02-06 10:30:57
14464,93.0,2025-11-24 20:43:16,14464,"石岩子站, Shenzhen (宝安区 石岩街道)",https://aqicn.org/city/shenzhen/shiyanzizhan,22.677317,113.950139,31,o3,17.0,12.0,31.3,15.6,3.1,5.5,23.0,68.0,1013.0,2.5,17.0,,,2026-02-06 17:00:00,+08:00,1770397200,2026-02-06 10:30:57
14326,114.0,2025-11-24 20:43:16,14326,"高州教育,  (茂名市高州教育)",https://aqicn.org/city/guangdong/maomingshi/gaozhoujiaoyu,21.919196,110.86338,39,o3,38.0,25.0,39.0,6.0,2.6,4.6,24.6,59.9,997.6,3.0,16.3,,,2026-02-06 17:00:00,+08:00,1770397200,2026-02-06 10:30:58
7026,91.0,2025-11-24 20:43:16,7026,"Jinjuzui, Foshan (佛山金桔咀)",https://aqicn.org/city/guangdong/fushan/jinjieju,22.819722,113.261667,57,pm25,57.0,26.0,80.6,5.1,2.1,3.7,23.0,68.0,1013.0,2.5,17.0,,,2026-02-06 17:00:00,+08:00,1770397200,2026-02-06 10:30:58
14335,85.0,2025-11-24 20:43:16,14335,"郁南城西,  (云浮市郁南城西)",https://aqicn.org/city/guangdong/yunfushi/yunanchengxi,23.232962,111.537261,76,pm25,76.0,27.0,22.4,27.5,1.6,7.3,26.4,54.9,999.3,1.0,16.6,99.1,,2026-02-06 17:00:00,+08:00,1770397200,2026-02-06 10:30:58
14275,80.0,2025-11-24 20:43:16,14275,"横琴,  (珠海市横琴)",https://aqicn.org/city/guangdong/zhuhaishi/hengqin,22.1163,113.5433,39,o3,30.0,10.0,38.6,5.5,2.1,4.6,23.0,73.0,1013.0,3.6,18.0,,,2026-02-06 17:00:00,+08:00,1770397200,2026-02-06 10:30:59
13684,126.0,2025-11-24 20:43:16,12957,"Bắc Ninh/Khu liên cơ Thuận Thành, Vietnam",https://aqicn.org/city/vietnam/bac-ninh/khu-lien-co-thuan-thanh,21.0272212,106.0342099,16,pm25,16.0,13.0,20.0,8.0,4.0,2.0,24.0,78.0,1012.0,4.6,20.0,,,2026-02-06 17:00:00,+07:00,1770397200,2026-02-06 10:30:59
7221,76.0,2025-11-24 20:43:16,7221,"Jinghong City Jiangnan, Xishuangbanna (西双版纳州景洪市江南)",https://aqicn.org/city/china/xishuangbannazhou/jinghongshijiangnan,22.0019,100.7939,72,pm25,72.0,27.0,,3.7,2.6,4.6,30.6,26.0,943.2,2.0,8.9,,,2026-02-06 18:00:00,+08:00,1770400800,2026-02-06 10:30:59
1606,50.0,2025-11-24 20:43:16,1606,"Longtan, Taiwan (龍潭)",https://aqicn.org/city/taiwan/longtan,24.863869,121.21635,85,pm25,85.0,40.0,29.9,13.9,0.8,4.6,15.8,99.0,1015.0,1.9,16.0,,,2026-02-06 18:00:00,+08:00,1770400800,2026-02-06 10:30:59
1625,70.0,2025-11-24 20:43:16,1625,"Puzi, Taiwan (朴子)",https://aqicn.org/city/taiwan/puzih,23.465308,120.24735,114,pm25,114.0,58.0,19.7,11.4,1.3,2.9,21.4,85.0,1014.0,1.4,19.0,,,2026-02-06 18:00:00,+08:00,1770400800,2026-02-06 10:31:00
7914,99.0,2025-11-24 20:43:16,9886,"州图书馆, Honghe (红河州州图书馆)",https://aqicn.org/city/china/honghezhou/zhoutushuguan,23.3682,103.3758,72,pm25,72.0,25.0,,2.8,5.6,4.6,24.4,26.1,865.6,3.0,3.7,,,2026-02-06 18:00:00,+08:00,1770400800,2026-02-06 10:31:00
1660,50.0,2025-11-24 20:43:16,1660,"Guanshan, Taiwan (關山)",https://aqicn.org/city/taiwan/guanshan,23.045083,121.161933,34,pm25,34.0,9.0,15.0,9.0,0.9,2.5,26.0,73.0,1011.0,3.6,21.0,,,2026-02-06 18:00:00,+08:00,1770400800,2026-02-06 10:31:01
14312,37.0,2025-11-24 20:43:16,14312,"惠来惠城,  (揭阳市惠来惠城)",https://aqicn.org/city/guangdong/jieyangshi/huilaihuicheng,23.036388,116.289722,46,pm25,46.0,15.0,37.0,6.0,3.6,6.4,26.0,50.0,1012.0,3.6,15.0,,,2026-02-06 17:00:00,+08:00,1770397200,2026-02-06 10:31:01
2481,,2025-11-24 20:43:16,2481,"Maezato, Ishigaki, Okinawa, Japan (石垣石垣市)",https://aqicn.org/city/japan/ishigakishi/ishigaki,24.3403337,124.1872098,13,pm25,13.0,,29.6,1.0,,,21.0,88.0,1013.0,3.6,19.0,,,2026-02-06 18:00:00,+09:00,1770400800,2026-02-06 10:31:01
2486,25.0,2025-11-24 20:43:16,2486,"Hirara, Miyakojima, Okinawa, Japan (平良宮古島市)",https://aqicn.org/city/japan/miyakojimashi/taira,24.8035377,125.2879675,9,pm25,9.0,6.0,34.4,1.0,,,20.0,100.0,1013.0,1.8,20.0,,,2026-02-06 18:00:00,+09:00,1770400800,2026-02-06 10:31:02
1653,65.0,2025-11-24 20:43:16,1653,"Zhushan, Taiwan (竹山)",https://aqicn.org/city/taiwan/jhushan,23.756389,120.677306,119,pm25,119.0,50.0,30.3,12.3,2.9,4.3,22.7,69.0,983.8,0.2,,,,2026-02-06 18:00:00,+08:00,1770400800,2026-02-06 10:31:02
1628,65.0,2025-11-24 20:43:16,1628,"Xinying, Taiwan (新營)",https://aqicn.org/city/taiwan/sinying,23.305633,120.31725,74,pm25,74.0,42.0,18.7,18.6,1.9,3.9,21.3,88.0,1014.0,2.2,19.0,,,2026-02-06 18:00:00,+08:00,1770400800,2026-02-06 10:31:02
1661,78.0,2025-11-24 20:43:16,1661,"Mailiao, Taiwan (麥寮)",https://aqicn.org/city/taiwan/mailiao,23.753506,120.251825,139,pm25,139.0,73.0,28.1,8.0,2.0,3.3,18.9,90.0,1014.0,5.5,18.0,,,2026-02-06 18:00:00,+08:00,1770400800,2026-02-06 10:31:03
14328,104.0,2025-11-24 20:43:16,14328,"化州博龙,  (茂名市化州博龙)",https://aqicn.org/city/guangdong/maomingshi/huazhoubolong,21.64168,110.662698,31,o3,17.0,8.0,31.3,2.8,3.6,5.5,23.4,74.9,1007.8,2.0,18.7,,,2026-02-06 17:00:00,+08:00,1770397200,2026-02-06 10:31:03
1643,82.0,2025-11-24 20:43:16,1643,"Pingtung, Taiwan (屏東)",https://aqicn.org/city/taiwan/pingtung,22.673081,120.488033,38,pm25,38.0,26.0,18.8,10.2,1.3,3.4,24.9,83.0,1012.0,2.3,20.0,,,2026-02-06 18:00:00,+08:00,1770400800,2026-02-06 10:31:03
1621,70.0,2025-11-24 20:43:16,1621,"Nantou, Taiwan (南投)",https://aqicn.org/city/taiwan/nantou,23.913,120.685306,91,pm25,91.0,51.0,20.6,22.9,3.0,6.3,22.3,79.0,983.8,1.9,,,,2026-02-06 18:00:00,+08:00,1770400800,2026-02-06 10:31:04
1646,38.0,2025-11-24 20:43:16,1646,"Taitung, Taiwan (台東)",https://aqicn.org/city/taiwan/taitung,22.755358,121.15045,38,pm25,38.0,30.0,27.6,5.1,2.0,3.0,25.3,76.0,1012.1,2.9,21.0,,,2026-02-06 18:00:00,+08:00,1770400800,2026-02-06 10:31:05
12582,78.0,2025-11-24 20:43:16,12582,"Central/TaiChung City/Houli, Taiwan",https://aqicn.org/city/taiwan/central/taichung-city/houli,24.3074,120.7145,70,pm25,70.0,20.0,9.6,14.9,2.3,5.3,19.3,92.0,1015.0,1.3,17.0,,,2026-02-06 18:00:00,+08:00,1770400800,2026-02-06 10:31:05
1610,68.0,2025-11-24 20:43:16,1610,"Toufen, Taiwan (頭份)",https://aqicn.org/city/taiwan/toufen,24.696969,120.898572,80,pm25,80.0,53.0,27.1,13.6,3.2,5.0,17.0,93.0,1015.0,5.6,16.0,,,2026-02-06 18:00:00,+08:00,1770400800,2026-02-06 10:31:06
1611,65.0,2025-11-24 20:43:16,1611,"Miaoli, Taiwan (苗栗)",https://aqicn.org/city/taiwan/miaoli,24.565269,120.8202,85,pm25,85.0,50.0,25.7,14.2,1.6,4.0,17.4,94.0,1014.5,1.5,17.0,,,2026-02-06 18:00:00,+08:00,1770400800,2026-02-06 10:31:06
1632,74.0,2025-11-24 20:43:16,1632,"Meinong, Taiwan (美濃)",https://aqicn.org/city/taiwan/meinong,22.883583,120.530542,21,pm25,21.0,12.0,18.3,5.5,0.6,2.4,24.0,73.0,1014.0,3.6,19.0,,,2026-02-06 18:00:00,+08:00,1770400800,2026-02-06 10:31:07
1614,70.0,2025-11-24 20:43:16,1614,"Shalu, Taiwan (沙鹿)",https://aqicn.org/city/taiwan/shalu,24.225628,120.568794,89,pm25,89.0,54.0,20.6,13.3,1.5,3.7,18.0,93.0,1014.5,4.6,17.0,,,2026-02-06 18:00:00,+08:00,1770400800,2026-02-06 10:31:07
12593,112.0,2025-11-24 20:43:16,12593,"Yun-Chia-Nan/Tainan City/Chengxili, Taiwan",https://aqicn.org/city/taiwan/yun-chia-nan/tainan-city/chengxili,23.0426,120.1547,38,pm10,25.0,38.0,30.4,4.7,1.8,5.0,24.0,73.0,1014.0,3.6,19.0,,,2026-02-06 18:00:00,+08:00,1770400800,2026-02-06 10:31:07
1647,25.0,2025-11-24 20:43:16,1647,"Hualien, Taiwan (花蓮)",https://aqicn.org/city/taiwan/hualien,23.971306,121.599769,46,pm25,46.0,13.0,32.1,7.6,1.2,3.8,22.0,86.0,1013.4,3.1,,,,2026-02-06 18:00:00,+08:00,1770400800,2026-02-06 10:31:08
1656,76.0,2025-11-24 20:43:16,1656,"Puli, Taiwan (埔里)",https://aqicn.org/city/taiwan/puli,23.968842,120.967903,109,pm25,109.0,45.0,31.3,10.9,1.8,4.3,21.3,69.0,983.8,0.9,,,,2026-02-06 18:00:00,+08:00,1770400800,2026-02-06 10:31:08
1620,59.0,2025-11-24 20:43:16,1620,"Erlin, Taiwan (二林)",https://aqicn.org/city/taiwan/erlin,23.925175,120.409653,127,pm25,127.0,80.0,17.4,18.7,4.0,4.7,19.3,95.0,1014.5,2.7,17.0,,,2026-02-06 18:00:00,+08:00,1770400800,2026-02-06 10:31:09
1627,68.0,2025-11-24 20:43:16,1627,"Chiayi, Taiwan (嘉義)",https://aqicn.org/city/taiwan/chiayi,23.462778,120.440833,137,pm25,137.0,57.0,25.2,15.8,3.5,5.5,24.3,71.0,1014.0,0.2,19.0,,,2026-02-06 18:00:00,+08:00,1770400800,2026-02-06 10:31:09
1622,93.0,2025-11-24 20:43:16,1622,"Douliu, Taiwan (斗六)",https://aqicn.org/city/taiwan/douliou,23.711853,120.544994,127,pm25,127.0,59.0,19.1,18.5,3.6,5.2,22.2,74.0,983.8,1.5,,,,2026-02-06 18:00:00,+08:00,1770400800,2026-02-06 10:31:10
12594,55.0,2025-11-24 20:43:16,12594,"Yun-Chia-Nan/Tainan City/Nanxi, Taiwan",https://aqicn.org/city/taiwan/yun-chia-nan/tainan-city/nanxi,23.1771,120.4921,30,pm10,25.0,30.0,27.2,2.8,1.5,3.4,24.0,73.0,1014.0,3.6,19.0,,,2026-02-06 17:00:00,+08:00,1770397200,2026-02-06 10:31:11
12618,147.0,2025-11-24 20:43:16,12618,"Kao-ping/CPC Linyuan Q1, Taiwan",https://aqicn.org/city/taiwan/kao-ping/cpc-linyuan-q1,22.48904,120.409161,46,pm25,46.0,,8.0,2.8,4.8,5.2,25.0,78.0,1012.0,1.9,20.0,,,2026-02-06 18:00:00,+08:00,1770400800,2026-02-06 10:31:12
1650,68.0,2025-11-24 20:43:16,1650,"Dongshan, Taiwan (冬山)",https://aqicn.org/city/taiwan/dongshan,24.632203,121.792928,61,pm25,61.0,34.0,31.4,10.3,1.8,3.5,21.9,80.0,1014.0,2.0,17.0,,,2026-02-06 18:00:00,+08:00,1770400800,2026-02-06 10:31:12
1645,50.0,2025-11-24 20:43:16,1645,"Hengchun, Taiwan (恆春)",https://aqicn.org/city/taiwan/hengchun,21.958069,120.788928,34,pm25,34.0,17.0,30.4,1.5,1.2,1.6,25.5,67.0,1012.0,0.8,20.0,,,2026-02-06 18:00:00,+08:00,1770400800,2026-02-06 10:31:12
1638,117.0,2025-11-24 20:43:16,1638,"Nanzi, Taiwan (楠梓)",https://aqicn.org/city/taiwan/nanzih,22.733667,120.328289,50,pm25,50.0,23.0,8.1,20.5,1.2,3.6,23.6,85.0,1012.0,1.2,20.0,,,2026-02-06 18:00:00,+08:00,1770400800,2026-02-06 10:31:12
13260,153.0,2025-11-24 20:43:16,13260,"Kao-ping/CPC Dalin A1, Taiwan",https://aqicn.org/city/taiwan/kao-ping/cpc-dalin-a1,22.532316,120.336613,112,pm25,112.0,,10.4,28.8,3.6,6.5,22.8,90.0,1013.5,0.2,20.0,,,2026-02-06 17:00:00,+08:00,1770397200,2026-02-06 10:31:13
14646,42.0,2025-11-24 20:43:16,14646,"Hua-Tung/Taitung County/Fengli, Taiwan",https://aqicn.org/city/taiwan/hua-tung/taitung-county/fengli,22.73681667,121.12183611,31,o3,30.0,23.0,31.2,2.8,0.8,3.3,25.3,76.0,1012.1,2.9,21.0,,,2026-02-06 18:00:00,+08:00,1770400800,2026-02-06 10:31:13
