global_uid,global_aqi_snapshot,global_snapshot_utc,station_idx,station_name,station_url,lat,lon,aqi,dominentpol,pm25,pm10,o3,no2,so2,co,t,h,p,w,dew,rain,uv,station_time,station_tz,station_unix,ingested_at_utc
10490,45.0,2025-11-24 20:43:16,10490,"Pangkalanbun, Indonesia",https://aqicn.org/city/indonesia/pangkalanbun,-2.676583,111.626448,63,pm25,63.0,,,,,,28.7,85.4,1006.3,1.5,26.0,99.4,,2026-05-21 20:00:00,+07:00,1779393600,2026-05-21 13:52:14
13655,56.0,2025-11-24 20:43:16,13655,"Supadio, Indonesia",https://aqicn.org/city/indonesia/supadio,-0.14,109.45,95,pm25,95.0,,,,,,27.0,94.0,1010.0,1.5,26.0,,,2026-05-21 20:00:00,+07:00,1779393600,2026-05-21 13:52:14
13650,19.0,2025-11-24 20:43:16,13650,"Pesawaran, Indonesia",https://aqicn.org/city/indonesia/pesawaran,-5.17,105.178,95,pm25,95.0,,,,,,27.5,80.8,1000.4,1.5,23.9,99.0,,2026-05-21 20:00:00,+07:00,1779393600,2026-05-21 13:52:14
13651,89.0,2025-11-24 20:43:16,13651,"Semarang, Indonesia",https://aqicn.org/city/indonesia/semarang,-6.985,110.381,73,pm25,73.0,,,,,,27.5,87.8,1009.9,1.5,25.3,3.0,,2026-05-21 20:00:00,+07:00,1779393600,2026-05-21 13:52:14
11755,,2025-11-24 20:43:16,11755,"Kototabang, Indonesia",https://aqicn.org/city/indonesia/kototabang,-0.251,100.382,27,pm25,27.0,,,,,,28.1,86.8,1009.8,3.6,25.7,0.4,,2026-05-21 20:00:00,+07:00,1779393600,2026-05-21 13:52:14
13647,59.0,2025-11-24 20:43:16,13647,"Malang, Indonesia",https://aqicn.org/city/indonesia/malang,-7.9551897,112.6119383,95,pm25,95.0,,,,,,29.0,82.4,1009.7,0.5,25.7,0.4,,2026-05-21 20:00:00,+07:00,1779393600,2026-05-21 13:52:14
13653,67.0,2025-11-24 20:43:16,13653,"Sleman, Indonesia",https://aqicn.org/city/indonesia/sleman,-7.731,110.354,168,pm25,168.0,,,,,,27.5,87.8,1009.9,1.5,25.3,3.0,,2026-05-21 20:00:00,+07:00,1779393600,2026-05-21 13:52:14
13841,31.0,2025-11-24 20:43:16,13841,"Maros, Indonesia",https://aqicn.org/city/indonesia/maros,-4.997,119.57,105,pm25,105.0,,,,,,29.6,80.6,1008.3,1.0,25.9,99.0,,2026-05-21 20:00:00,+07:00,1779393600,2026-05-21 13:52:14
14903,79.0,2025-11-24 20:43:16,14903,"Talang Betutu Palembang, Indonesia",https://aqicn.org/city/indonesia/talang-betutu-palembang,-2.94,104.7,40,pm25,40.0,,,,,,25.9,100.0,1008.8,2.0,25.9,2.7,,2026-05-21 20:00:00,+07:00,1779393600,2026-05-21 13:52:15
8289,85.0,2025-11-24 20:43:16,8289,"Jambi, Indonesia",https://aqicn.org/city/indonesia/jambi,-1.6318964,103.6414547,107,pm25,107.0,,,,,,29.7,81.1,1006.7,1.0,26.1,99.2,,2026-05-21 20:00:00,+07:00,1779393600,2026-05-21 13:52:15
8294,25.0,2025-11-24 20:43:16,8294,"Kemayoran, Indonesia",https://aqicn.org/city/indonesia/kemayoran,-6.155,106.846,32,pm25,32.0,,,,,,28.0,83.0,1011.0,2.0,25.0,,,2026-05-21 20:00:00,+07:00,1779393600,2026-05-21 13:52:15
8292,14.0,2025-11-24 20:43:16,8292,"Banjarbaru, Indonesia",https://aqicn.org/city/indonesia/banjarbaru,-3.475,114.856,75,pm25,75.0,,,,,,29.0,83.0,1009.0,2.0,26.0,,,2026-05-21 20:00:00,+07:00,1779393600,2026-05-21 13:52:15
13644,59.0,2025-11-24 20:43:16,13644,"Bengkulu, Indonesia",https://aqicn.org/city/indonesia/bengkulu,-3.865,102.312,13,pm25,13.0,,,,,,24.4,94.2,1008.6,4.6,23.4,1.6,,2026-05-21 20:00:00,+07:00,1779393600,2026-05-21 13:52:15
8293,90.0,2025-11-24 20:43:16,8293,"Samarinda, Indonesia",https://aqicn.org/city/indonesia/samarinda,-0.4825,117.1563,34,pm25,34.0,,,,,,28.0,88.0,1009.0,1.0,26.0,,,2026-05-21 20:00:00,+07:00,1779393600,2026-05-21 13:52:15
13645,23.0,2025-11-24 20:43:16,13645,"Kotabaru, Indonesia",https://aqicn.org/city/indonesia/kotabaru,-3.3,116.17,45,pm25,45.0,,,,,,26.5,89.3,1007.1,1.0,24.6,5.5,,2026-05-21 20:00:00,+07:00,1779393600,2026-05-21 13:52:15
8342,27.0,2025-11-24 20:43:16,8342,"Palangka Raya, Indonesia",https://aqicn.org/city/indonesia/palangkaraya,-2.22611,113.945,52,pm25,52.0,,,,,,,,,,,,,2026-05-21 20:00:00,+07:00,1779393600,2026-05-21 13:52:15
13654,,2025-11-24 20:43:16,13654,"Sorong, Indonesia",https://aqicn.org/city/indonesia/sorong,-0.8634105,131.2544805,21,pm25,21.0,,,,,,27.8,97.7,1010.0,3.0,27.4,99.2,,2026-05-21 20:00:00,+07:00,1779393600,2026-05-21 13:52:15
1827,,2025-11-24 20:43:16,1827,"Municipal Health Center 1, Phuket, Thailand (ศูนย์บริการสาธารณสุข 1 กองการแพทย์ เทศบาลนครภูเก็ต)",https://aqicn.org/city/thailand/phuket/municipal-health-center-1,7.884488,98.391283,28,pm25,28.0,,,4.1,0.6,,25.0,100.0,1008.0,5.6,25.0,,,2026-05-21 18:00:00,+07:00,1779386400,2026-05-21 13:52:16
6818,87.0,2025-11-24 20:43:16,6818,"Regional Environmental Office 8, Thailand (สำนักงานสิ่งแวดล้อมภาคที่ 8 ราชบุรี)",https://aqicn.org/city/thailand/regional-environmental-office-8,13.5234,99.814082,57,pm25,57.0,25.0,6.7,2.9,0.6,0.1,30.0,74.0,1007.0,4.1,25.0,,,2026-05-21 21:00:00,+07:00,1779397200,2026-05-21 13:52:16
1868,79.0,2025-11-24 20:43:16,1868,"Provincial Administrative Stadium, Lamphun, Thailand (สนามกีฬาองค์การบริหารส่วนจังหวัดลำพูน)",https://aqicn.org/city/thailand/lamphun/provincial-administrative-stadium,18.567194,99.038639,68,pm25,68.0,24.0,14.6,7.5,0.6,,26.0,88.0,1008.0,3.0,24.0,,,2026-05-21 21:00:00,+07:00,1779397200,2026-05-21 13:52:16
1823,66.0,2025-11-24 20:43:16,1823,"Lampang Meteorological Station, Thailand (สถานีอุตุนิยมวิทยาลำปาง)",https://aqicn.org/city/thailand/lampang-meteorological-station,18.2783333,99.5064666,64,pm25,64.0,75.0,11.5,1.8,0.6,0.1,25.0,91.0,1003.1,0.7,,,,2026-05-21 21:00:00,+07:00,1779397200,2026-05-21 13:52:16
9587,,2025-11-24 20:43:16,9587,"Chiangrai - Gaia Station 07, Thailand",https://aqicn.org/city/thailand/chiangrai---gaia-station-07,19.858547,99.90148,71,pm25,71.0,22.2,,,,,30.0,74.0,1005.0,2.0,25.0,,,2026-05-21 20:00:00,+07:00,1779393600,2026-05-21 13:52:16
8287,31.0,2025-11-24 20:43:16,8287,"Medan, Indonesia",https://aqicn.org/city/indonesia/medan,3.59,98.85,175,pm25,175.0,,,,,,29.3,80.5,1007.4,1.0,25.6,0.3,,2026-05-21 20:00:00,+07:00,1779393600,2026-05-21 13:52:16
1828,60.0,2025-11-24 20:43:16,1828,"Natural Resources and Environment Office, Chiangrai, Thailand (สำนักงานทรัพยากรธรรมชาติและสิ่งแวดล้อมจังหวัดเชียงราย)",https://aqicn.org/city/thailand/chiangrai/natural-resources-and-environment-office,19.909217,99.823467,88,pm25,88.0,47.0,12.7,0.6,,0.1,28.8,82.2,972.2,0.1,,,,2026-05-21 21:00:00,+07:00,1779397200,2026-05-21 13:52:16
2583,22.0,2025-11-24 20:43:16,2583,"Langkawi, Kedah, Malaysia",https://aqicn.org/city/malaysia/kedah/langkawi,6.331539,99.85846,26,,44.0,27.0,2.3,1.7,0.9,0.1,29.0,79.0,1008.0,1.0,25.0,,,2026-05-21 20:00:00,+08:00,1779393600,2026-05-21 13:52:16
13628,62.0,2025-11-24 20:43:16,13628,"Polytechnic College, Trang, Thailand (วิทยาลัยสารพัดช่างตรัง)",https://aqicn.org/city/thailand/trang/polytechnic-college,7.570238,99.588743,52,pm25,52.0,16.0,,2.4,0.6,0.1,25.0,94.0,1010.0,1.5,24.0,,,2026-05-21 21:00:00,+07:00,1779397200,2026-05-21 13:52:16
1829,14.0,2025-11-24 20:43:16,1829,"Natural Resources and Environment Office, Mae Hongson, Thailand (สำนักงานทรัพยากรธรรมชาติและสิ่งแวดล้อมจังหวัดแม่ฮ่องสอน)",https://aqicn.org/city/thailand/mae-hongson/natural-resources-and-environment-office,19.30455,97.97165,50,pm25,50.0,12.0,4.8,3.5,,0.1,34.0,52.0,1003.0,2.0,23.0,,,2026-05-21 21:00:00,+07:00,1779397200,2026-05-21 13:52:16
8646,25.0,2025-11-24 20:43:16,8646,"Indrapuri, Indonesia",https://aqicn.org/city/indonesia/indrapuri,5.404,95.475,38,pm25,38.0,,,,,,31.1,58.8,1005.8,1.0,22.1,1.0,,2026-05-21 20:00:00,+07:00,1779393600,2026-05-21 13:52:16
1831,70.0,2025-11-24 20:43:16,1831,"Knowledge Park, Phayao, Thailand (อุทยานการเรียนรู้กว๊านพะเยา)",https://aqicn.org/city/thailand/phayao/knowledge-park,19.200226,99.893048,79,pm25,79.0,77.0,13.1,6.4,,0.1,28.8,82.2,972.2,0.1,,,,2026-05-21 21:00:00,+07:00,1779397200,2026-05-21 13:52:16
13576,,2025-11-24 20:43:16,13576,"Prachuap Khiri Khan - Gaia Station 10, Thailand",https://aqicn.org/city/thailand/prachuap-khiri-khan/gaia-10,11.80027,99.790596,40,pm25,40.1,12.3,,,,,27.0,87.8,1005.5,2.0,24.8,0.2,,2026-05-21 20:00:00,+07:00,1779393600,2026-05-21 13:52:16
9013,65.0,2025-11-24 20:43:16,9013,"Mae Pa,Mae Sot,Tak, Thailand (ต.แม่ปะ อ.แม่สอด จ.ตาก)",https://aqicn.org/city/thailand/tak/mae-sot/mae-pa,16.734413,98.566961,61,pm25,61.0,79.0,4.8,12.1,,0.1,29.0,79.0,1006.0,1.5,25.0,,,2026-05-21 21:00:00,+07:00,1779397200,2026-05-21 13:52:16
10481,79.0,2025-11-24 20:43:16,10481,"Pak Prak, Kanchanaburi, Kanchanaburi, Thailand (ต.ปากแพรก อ.เมือง จ.กาญจนบุรี)",https://aqicn.org/city/thailand/kanchanaburi/kanchanaburi/pak-prak,14.022376,99.536195,140,pm25,140.0,47.0,6.7,,,0.1,33.1,56.5,1001.3,5.1,23.3,99.9,,2026-05-21 21:00:00,+07:00,1779397200,2026-05-21 13:52:16
8325,43.0,2025-11-24 20:43:16,8325,"Health Promotion Hospital Ta See, Lampang, Thailand (โรงพยาบาลส่งเสริมสุขภาพตำบลบ้านท่าสี ลำปาง)",https://aqicn.org/city/thailand/lampang/health-promotion-hospital-ta-see,18.4267833,99.7576333,62,pm25,62.0,12.0,0.8,1.2,0.6,0.1,25.0,91.0,1003.1,0.7,,,,2026-05-21 21:00:00,+07:00,1779397200,2026-05-21 13:52:17
1826,,2025-11-24 20:43:16,1826,"Regional Environmental Office 14, Surat Thani, Thailand (สำนักงานสิ่งแวดล้อมภาคที่ 14)",https://aqicn.org/city/thailand/surat-thani/regional-environmental-office-14,9.126017,99.325145,27,pm25,27.0,48.0,4.4,,0.6,0.1,26.0,100.0,1007.0,1.5,26.0,,,2026-05-21 18:00:00,+07:00,1779386400,2026-05-21 13:52:17
13629,,2025-11-24 20:43:16,13629,"Elderly Health Rehabilitation Center, Thailand (ศูนย์ฟื้นฟูสุขภาพผู้สูงอายุ)",https://aqicn.org/city/thailand/elderly-health-rehabilitation-center,8.426923,99.961469,27,pm25,27.0,29.0,,2.9,,,31.0,74.0,1006.0,1.5,26.0,,,2026-05-21 18:00:00,+07:00,1779386400,2026-05-21 13:52:17
1822,55.0,2025-11-24 20:43:16,1822,"Yupparaj Wittayalai School, Chiangmai, Thailand (โรงเรียนยุพราชวิทยาลัย)",https://aqicn.org/city/thailand/chiangmai/yupparaj-wittayalai-school,18.7909333,98.99,65,pm25,65.0,82.0,14.6,7.5,0.6,,33.0,55.0,1004.0,2.5,23.0,,,2026-05-21 16:00:00,+07:00,1779379200,2026-05-21 13:52:17
8324,63.0,2025-11-24 20:43:16,8324,"Health Promotion Hospital Sob Pad, Lampang, Thailand (โรงพยาบาลส่งเสริมสุขภาพตำบลบ้านสบป้าด ลำปาง)",https://aqicn.org/city/thailand/lampang/health-promotion-hospital-sob-pad,18.2508166,99.76395,62,pm25,62.0,11.0,13.4,1.2,0.6,0.1,25.0,91.0,1003.1,0.7,,,,2026-05-21 21:00:00,+07:00,1779397200,2026-05-21 13:52:17
2597,27.0,2025-11-24 20:43:16,2597,"Seri Manjung, Perak, Malaysia",https://aqicn.org/city/malaysia/perak/seri-manjung,4.200344,100.663358,40,,55.0,27.0,,,,,30.0,74.0,1008.0,1.0,25.0,,,2026-05-21 21:00:00,+08:00,1779397200,2026-05-21 13:52:17
2600,26.0,2025-11-24 20:43:16,2600,"Perai, Pulau Pinang, Malaysia",https://aqicn.org/city/malaysia/pulau-pinang/perai,5.329358,100.443475,42,,40.0,19.0,3.0,5.9,0.4,0.1,30.0,70.0,1008.0,2.0,24.0,,,2026-05-21 21:00:00,+08:00,1779397200,2026-05-21 13:52:17
1852,,2025-11-24 20:43:16,1852,"Hat Yai Municipality, Songkhla, Thailand (เทศบาลนครหาดใหญ่)",https://aqicn.org/city/thailand/songkhla/hat-yai-municipality,7.020434,100.484088,32,pm10,29.0,32.0,,,,,30.5,68.0,1007.0,4.8,24.0,,,2026-05-21 18:00:00,+07:00,1779386400,2026-05-21 13:52:17
5191,55.0,2025-11-24 20:43:16,5191,Wuzhishan (五指山),https://aqicn.org/city/wuzhishan,18.775147,109.516925,14,pm10,13.0,14.0,13.0,0.5,1.6,3.3,29.0,83.0,1009.0,1.5,,,,2026-05-21 19:00:00,+08:00,1779390000,2026-05-21 13:52:18
2625,31.0,2025-11-24 20:43:16,2625,"Batu Muda,Kuala Lumpur, Wilayah Persekutuan, Malaysia",https://aqicn.org/city/malaysia/wilayah-persekutuan/batu-muda-kuala-lumpur,3.212439,101.682228,47,,67.0,28.0,4.4,4.8,1.2,0.1,30.0,74.0,1009.0,1.5,25.0,,,2026-05-21 21:00:00,+08:00,1779397200,2026-05-21 13:52:18
13648,27.0,2025-11-24 20:43:16,13648,"Mempawah, Indonesia",https://aqicn.org/city/indonesia/mempawah,0.124,110.456,44,pm25,44.0,,,,,,,,,,,,,2026-05-21 20:00:00,+07:00,1779393600,2026-05-21 13:52:18
1854,,2025-11-24 20:43:16,1854,"Municipal Waste Water Pumping Station, Nakhon Ratchasima, Thailand (สถานีสูบน้ำเสีย เทศบาลนครราชสีมา)",https://aqicn.org/city/thailand/nakhon-ratchasima/municipal-waste-water-pumping-station,14.979537,102.098335,95,pm25,95.0,,,2.9,,,29.0,79.0,1008.0,4.6,25.0,,,2026-05-21 21:00:00,+07:00,1779397200,2026-05-21 13:52:18
2607,54.0,2025-11-24 20:43:16,2607,"Bintulu, Sarawak, Malaysia",https://aqicn.org/city/malaysia/sarawak/bintulu,3.177084,113.041091,53,,93.0,46.0,1.0,3.6,0.7,0.1,27.0,88.0,1009.0,0.5,25.0,,,2026-05-21 21:00:00,+08:00,1779397200,2026-05-21 13:52:18
12797,111.0,2025-11-24 20:43:16,12797,"Nai Mueang,Mueang,Ubon Ratchathani , Thailand (ต.ในเมือง อ.เมือง จ.อุบลราชธานี)",https://aqicn.org/city/thailand/ubon-ratchathani/mueang/nai-mueang,15.245413,104.846219,65,pm25,65.0,34.0,9.5,4.1,0.6,0.1,27.0,100.0,1008.0,1.0,27.0,,,2026-05-21 21:00:00,+07:00,1779397200,2026-05-21 13:52:18
13630,116.0,2025-11-24 20:43:16,13630,"Meteorological stations, Nakhon Phanom, Thailand (สถานีอุตุนิยมวิทยานครพนม)",https://aqicn.org/city/thailand/nakhon-phanom/meteorological-stations,17.412345,104.7786123,154,pm25,154.0,109.0,11.1,11.0,0.6,0.1,27.0,100.0,1007.0,1.5,27.0,,,2026-05-21 21:00:00,+07:00,1779397200,2026-05-21 13:52:18
12760,16.0,2025-11-24 20:43:16,12760,"Betong, Thailand (ต.เบตง อ.เบตง จ.ยะลา)",https://aqicn.org/city/thailand/betong,5.763873,101.067903,29,pm25,29.0,,,,,,29.0,74.0,1009.0,2.5,24.0,,,2026-05-21 21:00:00,+07:00,1779397200,2026-05-21 13:52:18
5193,114.0,2025-11-24 20:43:16,5193,Qionghai (琼海),https://aqicn.org/city/qionghai,19.258404,110.47465,25,pm25,25.0,15.0,13.9,1.0,1.6,3.8,30.0,74.0,1008.0,2.5,,,,2026-05-21 19:00:00,+08:00,1779390000,2026-05-21 13:52:18
8115,12.0,2025-11-24 20:43:16,8115,"Brunei Muara, Brunei",https://aqicn.org/city/brunei/brunei-muara,4.9311206,114.9516869,8,,,,,,,,33.0,66.0,1007.0,3.8,26.0,,,2026-05-21 16:00:00,+08:00,1779379200,2026-05-21 13:52:18
8322,70.0,2025-11-24 20:43:16,8322,"Health Promotion Hospital Ban Khao Hin,Chonburi, Thailand (โรงพยาบาลส่งเสริมสุขภาพตำบลบ้านเขาหิน ชลบุรี)",https://aqicn.org/city/thailand/chonburi/health-promotion-hospital-ban-khao-hin,13.054551,101.098128,63,pm25,63.0,51.0,5.6,7.5,0.6,,30.0,89.0,1007.0,4.1,28.0,,,2026-05-21 21:00:00,+07:00,1779397200,2026-05-21 13:52:18
13632,,2025-11-24 20:43:16,13632,"Trat Provincial Central Stadium, Thailand (สนามกีฬากลางจังหวัดตราด)",https://aqicn.org/city/thailand/trat-provincial-central-stadium,12.234862,102.523721,38,pm25,38.0,40.0,2.4,0.6,0.6,0.1,29.0,83.0,1007.0,1.5,26.0,,,2026-05-21 21:00:00,+07:00,1779397200,2026-05-21 13:52:18
8288,112.0,2025-11-24 20:43:16,8288,"Pekanbaru, Indonesia",https://aqicn.org/city/indonesia/pekanbaru,0.46667,101.4666,63,pm25,63.0,,,,,,29.3,78.2,1004.5,1.5,25.1,99.8,,2026-05-21 20:00:00,+07:00,1779393600,2026-05-21 13:52:18
12796,142.0,2025-11-24 20:43:16,12796,"Lat Yai,Mueang,Samut Songkhram, Thailand (ต.ลาดใหญ่ อ.เมือง จ.สมุทรสงคราม)",https://aqicn.org/city/thailand/samut-songkhram/mueang/lat-yai,13.428581,100.024664,64,pm25,64.0,29.0,6.7,4.1,0.6,0.1,30.0,74.0,1007.0,4.1,25.0,,,2026-05-21 21:00:00,+07:00,1779397200,2026-05-21 13:52:18
2590,34.0,2025-11-24 20:43:16,2590,"Seremban, Negeri Sembilan, Malaysia",https://aqicn.org/city/malaysia/negeri-sembilan/seremban,2.723381,101.968497,46,,52.0,16.0,6.5,6.4,2.1,0.1,28.0,83.0,1008.0,1.0,25.0,,,2026-05-21 21:00:00,+08:00,1779397200,2026-05-21 13:52:18
2618,13.0,2025-11-24 20:43:16,2618,"Kuala Selangor, Selangor, Malaysia",https://aqicn.org/city/malaysia/selangor/kuala-selangor,3.321308,101.256242,29,,36.0,15.0,,,,,27.2,89.5,1008.7,0.5,,,,2026-05-21 21:00:00,+08:00,1779397200,2026-05-21 13:52:18
2599,19.0,2025-11-24 20:43:16,2599,"Kangar, Perlis, Malaysia",https://aqicn.org/city/malaysia/perlis/kangar,6.429922,100.211069,25,,26.0,10.0,6.4,1.2,0.8,0.1,30.0,74.0,1008.0,2.0,25.0,,,2026-05-21 21:00:00,+08:00,1779397200,2026-05-21 13:52:19
1870,77.0,2025-11-24 20:43:16,1870,"Provincial Health Office, Loei, Thailand (สำนักงานสาธารณสุขจังหวัดเลย)",https://aqicn.org/city/thailand/loei/provincial-health-office,17.4525229,101.7272395,38,pm25,38.0,21.0,,,,,27.0,94.0,1007.0,1.0,26.0,,,2026-05-21 21:00:00,+07:00,1779397200,2026-05-21 13:52:19
1844,,2025-11-24 20:43:16,1844,"Khao Noi Fire Station, Saraburi, Thailand (สถานีดับเพลิงเขาน้อย)",https://aqicn.org/city/thailand/saraburi/khao-noi-fire-station,14.526343,100.926047,58,pm25,58.0,20.0,4.4,9.8,0.6,0.1,30.0,74.0,1007.0,4.1,25.0,,,2026-05-21 21:00:00,+07:00,1779397200,2026-05-21 13:52:19
2626,60.0,2025-11-24 20:43:16,2626,"Cheras,Kuala Lumpur, Wilayah Persekutuan, Malaysia",https://aqicn.org/city/malaysia/wilayah-persekutuan/cheras-kuala-lumpur,3.106236,101.717917,65,,71.0,31.0,9.5,6.0,1.5,0.1,30.0,74.0,1009.0,1.5,25.0,,,2026-05-21 21:00:00,+08:00,1779397200,2026-05-21 13:52:19
2598,15.0,2025-11-24 20:43:16,2598,"Tanjung Malim, Perak, Malaysia",https://aqicn.org/city/malaysia/perak/tanjung-malim,3.687758,101.524494,34,,68.0,29.0,6.9,4.7,0.8,0.1,27.2,89.5,1008.7,0.5,,,,2026-05-21 21:00:00,+08:00,1779397200,2026-05-21 13:52:19
1666,30.0,2025-11-24 20:43:16,1666,"Central, Singapore",https://aqicn.org/city/singapore/central,1.3666667,103.8,57,pm25,57.0,19.0,27.0,,2.0,3.0,28.0,83.0,1009.0,1.5,25.0,,,2026-05-21 21:00:00,+08:00,1779397200,2026-05-21 13:52:19
2624,23.0,2025-11-24 20:43:16,2624,"Paka, Terengganu, Malaysia",https://aqicn.org/city/malaysia/terengganu/paka,4.598064,103.434819,53,,52.0,17.0,,1.8,0.6,,29.0,83.0,1008.0,1.0,26.0,,,2026-05-21 21:00:00,+08:00,1779397200,2026-05-21 13:52:19
13662,24.0,2025-11-24 20:43:16,13687,"Cần Thơ/Ninh Kiều - KTTV - Trạm cảm biến, Vietnam",https://aqicn.org/city/vietnam/can-tho/ninh-kieu-kttv-tram-cam-bien,10.026977,105.768249,30,pm10,13.0,30.0,4.0,1.0,,50.0,27.0,83.0,1008.0,0.5,24.0,,,2026-05-21 20:00:00,+07:00,1779393600,2026-05-21 13:52:19
8640,59.0,2025-11-24 20:43:16,8640,"Lingshui Tufu Bay, Lingshuixian (陵水县陵水土福湾)",https://aqicn.org/city/china/lingshuixian/lingshuitufuwan,18.403055,109.818054,85,pm25,85.0,27.0,16.7,0.5,1.1,6.3,29.0,83.0,1009.0,1.5,26.0,,,2026-05-21 19:00:00,+08:00,1779390000,2026-05-21 13:52:19
1825,65.0,2025-11-24 20:43:16,1825,"Nakhonsawan Irrigation , Nakhon Sawan, Thailand (โครงการชลประทานนครสวรรค์)",https://aqicn.org/city/thailand/nakhon-sawan/nakhonsawan-irrigation,15.68623,100.110556,58,pm25,58.0,70.0,14.2,,0.6,0.1,34.0,65.0,1000.6,2.0,26.5,8.7,,2026-05-21 21:00:00,+07:00,1779397200,2026-05-21 13:52:20
2621,31.0,2025-11-24 20:43:16,2621,"Shah Alam, Selangor, Malaysia",https://aqicn.org/city/malaysia/selangor/shah-alam,3.104717,101.556222,48,,67.0,27.0,8.9,3.6,1.5,0.1,30.0,74.0,1008.0,1.5,25.0,,,2026-05-21 21:00:00,+08:00,1779397200,2026-05-21 13:52:20
9489,19.0,2025-11-24 20:43:16,9489,"Minden, Pulau Pinang, Malaysia",https://aqicn.org/city/malaysia/pulau-pinang/minden,5.356211,100.30792,33,,40.0,18.0,4.6,2.4,1.3,0.1,28.5,72.0,1008.0,1.5,23.0,,,2026-05-21 21:00:00,+08:00,1779397200,2026-05-21 13:52:20
9501,26.0,2025-11-24 20:43:16,9501,"Mukah, Sarawak, Malaysia",https://aqicn.org/city/malaysia/sarawak/mukah,2.883238,112.019742,49,,15.0,21.0,,,,,25.0,94.0,1009.0,1.0,24.0,,,2026-05-21 21:00:00,+08:00,1779397200,2026-05-21 13:52:20
5534,69.0,2025-11-24 20:43:16,5534,"Pluakdaeng District Health Office, Thailand (สำนักงานสาธารณสุขอำเภอปลวกแดง)",https://aqicn.org/city/thailand/pluakdaeng-district-health-office,12.97378333,101.21285,72,pm25,72.0,58.0,0.4,4.1,0.6,0.1,30.0,89.0,1007.0,4.1,28.0,,,2026-05-21 21:00:00,+07:00,1779397200,2026-05-21 13:52:20
9498,19.0,2025-11-24 20:43:16,9498,"Besut, Terengganu, Malaysia",https://aqicn.org/city/malaysia/terengganu/besut,5.748449,102.515632,34,,52.0,17.0,8.2,1.4,0.6,0.1,29.0,83.0,1007.0,2.0,26.0,,,2026-05-21 21:00:00,+08:00,1779397200,2026-05-21 13:52:20
12758,73.0,2025-11-24 20:43:16,12758,"The Bhubing Palace Doi Buak Ha, Thailand (พระตำหนักภูพิงคราชนิเวศน์)",https://aqicn.org/city/thailand/the-bhubing-palace-doi-buak-ha,13.779873,100.646009,45,pm25,45.0,31.0,6.7,12.7,,,30.0,74.0,1007.0,6.6,25.0,,,2026-05-21 21:00:00,+07:00,1779397200,2026-05-21 13:52:20
13636,73.0,2025-11-24 20:43:16,13636,"72nd Anniversary King Bhumibol Public Park, Uttaradit, Thailand (สวนมหามงคลเฉลิมพระชนมพรรษา 6 รอบ 5 ธันวาคม 2552 อุตรดิตถ์)",https://aqicn.org/city/thailand/uttaradit/72nd-anniversary-king-bhumibol-public-park,17.631352,100.09896,62,pm25,62.0,32.0,,,,,32.4,65.5,996.7,2.0,25.1,4.4,,2026-05-21 21:00:00,+07:00,1779397200,2026-05-21 13:52:20
2617,55.0,2025-11-24 20:43:16,2617,"Banting, Selangor, Malaysia",https://aqicn.org/city/malaysia/selangor/banting,2.816689,101.623158,53,,55.0,54.0,1.8,11.2,0.9,0.1,29.0,79.0,1008.0,1.2,25.0,,,2026-05-21 21:00:00,+08:00,1779397200,2026-05-21 13:52:20
1842,96.0,2025-11-24 20:43:16,1842,"City Hall, Samut Prakan, Thailand (ศาลากลางจังหวัดสมุทรปราการ)",https://aqicn.org/city/thailand/samut-prakan/city-hall,13.599149,100.597345,75,pm25,75.0,55.0,13.4,9.3,0.6,0.1,30.0,74.0,1007.0,6.6,25.0,,,2026-05-21 21:00:00,+07:00,1779397200,2026-05-21 13:52:20
9450,,2025-11-24 20:43:16,9450,"Chiangrai - Gaia Station 01, Thailand",https://aqicn.org/city/thailand/chiangrai---gaia-station-01,19.687157,100.19024,55,pm25,55.0,16.8,,,,,30.0,74.0,1005.0,2.0,25.0,,,2026-05-21 20:00:00,+07:00,1779393600,2026-05-21 13:52:20
8645,83.0,2025-11-24 20:43:16,8645,"Batam, Indonesia",https://aqicn.org/city/indonesia/batam,1.124,104.126,79,pm25,79.0,,,,,,28.0,83.0,1010.0,1.0,25.0,,,2026-05-21 20:00:00,+07:00,1779393600,2026-05-21 13:52:20
1343,114.0,2025-11-24 20:43:16,1343,"Hainan Normal University, Haikou (海口海南师范大学)",https://aqicn.org/city/china/haikou/hainanshifandaxue,19.9969,110.338,55,pm25,55.0,19.0,12.2,3.7,1.6,3.7,29.0,83.0,1008.0,2.5,26.0,,,2026-05-21 21:00:00,+08:00,1779397200,2026-05-21 13:52:20
2589,50.0,2025-11-24 20:43:16,2589,"Port Dickson, Negeri Sembilan, Malaysia",https://aqicn.org/city/malaysia/negeri-sembilan/port-dickson,2.441383,101.866858,25,,30.0,13.0,9.6,1.4,0.4,0.1,28.0,83.0,1008.0,1.0,25.0,,,2026-05-21 21:00:00,+08:00,1779397200,2026-05-21 13:52:20
2591,54.0,2025-11-24 20:43:16,2591,"Balok Baru, Kuantan, Pahang, Malaysia",https://aqicn.org/city/malaysia/pahang/balok-baru--kuantan,3.960644,103.382158,55,,48.0,18.0,,4.1,0.6,,29.0,83.0,1008.0,1.0,26.0,,,2026-05-21 21:00:00,+08:00,1779397200,2026-05-21 13:52:20
10482,,2025-11-24 20:43:16,10482,"Phiman, Satun, Satun, Thailand (ต.พิมาน อ.เมือง จ.สตูล)",https://aqicn.org/city/thailand/satun/satun/phiman,6.624747,100.066159,33,pm10,28.0,33.0,6.4,1.8,0.6,0.1,31.0,66.0,1007.0,5.1,24.0,,,2026-05-21 17:00:00,+07:00,1779382800,2026-05-21 13:52:21
5779,,2025-11-24 20:43:16,5779,Miri,https://aqicn.org/city/miri,4.333131,113.99486,50,pm25,50.0,15.0,6.7,1.0,0.4,0.1,30.0,84.0,1009.0,1.0,,,,2026-05-21 21:00:00,+08:00,1779397200,2026-05-21 13:52:21
9493,32.0,2025-11-24 20:43:16,9493,"Batu Pahat, Johor, Malaysia",https://aqicn.org/city/malaysia/johor/batu-pahat,1.919323,102.866618,59,,51.0,14.0,6.6,5.4,0.9,0.1,28.3,91.2,1010.8,0.1,,,,2026-05-21 21:00:00,+08:00,1779397200,2026-05-21 13:52:21
3688,,2025-11-24 20:43:16,3688,"Khonkaen, Thailand (ส่วนอุทกวิทยา สำนักงานทรัพยากรน้ำภาค 4 ขอนแก่น)",https://aqicn.org/city/thailand/khonkaen,16.44538333,102.83525,72,pm25,72.0,,,,,,28.0,83.0,1008.0,1.0,25.0,,,2026-05-21 21:00:00,+07:00,1779397200,2026-05-21 13:52:21
9556,19.0,2025-11-24 20:43:16,9556,"Kota Bharu, Kelantan, Malaysia",https://aqicn.org/city/malaysia/kelantan/kota-bharu,6.147431,102.249236,52,,61.0,21.0,8.7,2.0,0.8,0.1,29.0,83.0,1008.0,2.0,26.0,,,2026-05-21 21:00:00,+08:00,1779397200,2026-05-21 13:52:21
8116,14.0,2025-11-24 20:43:16,8116,"Kuala Belait, Brunei",https://aqicn.org/city/brunei/kuala-belait,4.5831986,114.2212174,15,,,,,,,,33.0,62.0,1006.0,4.6,25.0,,,2026-05-21 16:00:00,+08:00,1779379200,2026-05-21 13:52:21
2580,52.0,2025-11-24 20:43:16,2580,"Pasir Gudang, Johor, Malaysia",https://aqicn.org/city/malaysia/johor/pasir-gudang,1.470122,103.893456,54,,64.0,30.0,2.4,11.4,0.6,0.1,28.0,83.0,1009.0,1.5,25.0,,,2026-05-21 21:00:00,+08:00,1779397200,2026-05-21 13:52:21
2627,34.0,2025-11-24 20:43:16,2627,"Labuan, Wilayah Persekutuan, Malaysia",https://aqicn.org/city/malaysia/wilayah-persekutuan/labuan,5.298107,115.232106,44,,55.0,20.0,3.4,1.7,0.6,0.1,29.0,83.0,1009.0,0.5,26.0,,,2026-05-21 21:00:00,+08:00,1779397200,2026-05-21 13:52:21
9494,29.0,2025-11-24 20:43:16,9494,"Kluang, Johor, Malaysia",https://aqicn.org/city/malaysia/johor/kluang,2.037882,103.312063,35,,31.0,15.0,,,,,28.0,83.0,1009.0,1.5,25.0,,,2026-05-21 21:00:00,+08:00,1779397200,2026-05-21 13:52:22
8631,80.0,2025-11-24 20:43:16,8631,"Haitang Bay, Sanya (三亚海棠湾)",https://aqicn.org/city/china/sanya/haitangwan,18.29029,109.71186,16,o3,13.0,12.0,15.9,0.5,0.6,1.3,29.0,83.0,1009.0,1.5,26.0,,,2026-05-21 19:00:00,+08:00,1779390000,2026-05-21 13:52:22
9497,28.0,2025-11-24 20:43:16,9497,"Temerloh, Pahang, Malaysia",https://aqicn.org/city/malaysia/pahang/temerloh,3.471603,102.376406,59,,70.0,29.0,2.3,1.1,0.8,0.1,27.7,98.0,1005.4,0.8,,,,2026-05-21 21:00:00,+08:00,1779397200,2026-05-21 13:52:22
4474,104.0,2025-11-24 20:43:16,4474,"City first secondary school sub-station , Danzhou (儋州市第一中学子站)",https://aqicn.org/city/china/danzhou/shidiyizhongxuezizhan,19.5088,109.5037,42,pm25,42.0,34.0,15.5,3.2,2.6,4.9,26.2,72.2,989.5,2.0,20.8,,,2026-05-21 19:00:00,+08:00,1779390000,2026-05-21 13:52:22
9500,46.0,2025-11-24 20:43:16,9500,"Samalaju, Sarawak, Malaysia",https://aqicn.org/city/malaysia/sarawak/samalaju,3.537059,113.295168,52,,36.0,12.0,,1.3,0.4,,27.0,88.0,1009.0,0.5,25.0,,,2026-05-21 21:00:00,+08:00,1779397200,2026-05-21 13:52:22
9014,59.0,2025-11-24 20:43:16,9014,"Tha Tum, Si Maha Phot, Prachin Buri, Thailand (ต.ท่าตูม อ.ศรีมหาโพธิ จ.ปราจีนบุรี)",https://aqicn.org/city/thailand/prachin-buri/si-maha-phot/tha-tum,13.917563,101.590529,65,pm25,65.0,32.0,5.2,,,,30.0,74.0,1007.0,6.6,25.0,,,2026-05-21 21:00:00,+07:00,1779397200,2026-05-21 13:52:22
4480,82.0,2025-11-24 20:43:16,4480,"Land Environment and Resources Bureau , Ledongxian (乐东县国土环境资源局)",https://aqicn.org/city/china/ledongxian/guotuhuanjingziyuanju,18.7422,109.1777,38,pm25,38.0,15.0,16.3,1.0,1.1,3.5,29.0,83.0,1009.0,1.5,26.0,,,2026-05-21 19:00:00,+08:00,1779390000,2026-05-21 13:52:22
13658,128.0,2025-11-24 20:43:16,1584,"Da Nang, Vietnam (TP Đà Nẵng)",https://aqicn.org/city/vietnam/da-nang,16.074,108.217,16,pm25,16.0,11.0,,,,,29.0,83.0,1008.0,2.5,26.0,,,2026-05-21 20:00:00,+07:00,1779393600,2026-05-21 13:52:22
13417,61.0,2025-11-24 20:43:16,13762,"Gia Lai/Phù Đổng, Thành phố Pleiku - KTTV - Trạm cảm biến, Vietnam",https://aqicn.org/city/vietnam/gia-lai/phu-dong--thanh-pho-pleiku-kttv-tram-cam-bien,13.968848,108.017617,34,pm10,,34.0,2.0,18.0,51.0,9.0,24.9,84.0,924.8,2.0,22.0,99.7,,2026-05-21 19:00:00,+07:00,1779390000,2026-05-21 13:52:22
2592,52.0,2025-11-24 20:43:16,2592,"Indera Mahkota, Kuantan, Pahang, Malaysia",https://aqicn.org/city/malaysia/pahang/indera-mahkota--kuantan,3.819217,103.29655,51,,44.0,15.0,6.4,5.3,0.4,0.1,29.0,83.0,1008.0,1.0,26.0,,,2026-05-21 21:00:00,+08:00,1779397200,2026-05-21 13:52:22
1814,142.0,2025-11-24 20:43:16,1814,"Highway District, Samut Sakhon, Thailand (แขวงการทางสมุทรสาคร)",https://aqicn.org/city/thailand/samut-sakhon/highway-district,13.7054879,100.315622,57,pm25,57.0,51.0,6.7,7.5,0.6,0.1,30.0,74.0,1007.0,4.1,25.0,,,2026-05-21 21:00:00,+07:00,1779397200,2026-05-21 13:52:22
2595,24.0,2025-11-24 20:43:16,2595,"Kg. Air Putih, Taiping, Perak, Malaysia",https://aqicn.org/city/malaysia/perak/kg.-air-putih--taiping,4.89885,100.679106,20,,78.0,36.0,3.2,5.5,0.4,0.1,30.0,70.0,1008.0,1.5,24.0,,,2026-05-21 21:00:00,+08:00,1779397200,2026-05-21 13:52:22
13633,47.0,2025-11-24 20:43:16,13633,"Suphan Buri Provincial Central Stadium, Thailand (สนามกีฬากลางจังหวัดสุพรรณบุรี)",https://aqicn.org/city/thailand/suphan-buri-provincial-central-stadium,14.476214,100.086095,77,pm25,77.0,51.0,5.2,4.1,0.6,0.1,30.0,74.0,1007.0,4.1,25.0,,,2026-05-21 21:00:00,+07:00,1779397200,2026-05-21 13:52:22
2611,16.0,2025-11-24 20:43:16,2611,"Limbang, Sarawak, Malaysia",https://aqicn.org/city/malaysia/sarawak/limbang,4.758891,115.013667,17,,19.0,11.0,,,,,29.0,83.0,1009.0,1.5,26.0,,,2026-05-21 21:00:00,+08:00,1779397200,2026-05-21 13:52:22
9492,28.0,2025-11-24 20:43:16,9492,"Segamat, Johor, Malaysia",https://aqicn.org/city/malaysia/johor/segamat,2.493914,102.862694,46,,62.0,24.0,10.3,4.1,1.6,0.1,29.0,74.0,1010.0,0.5,24.0,,,2026-05-21 21:00:00,+08:00,1779397200,2026-05-21 13:52:22
9496,28.0,2025-11-24 20:43:16,9496,"Rompin, Pahang, Malaysia",https://aqicn.org/city/malaysia/pahang/rompin,2.926645,103.419198,53,,131.0,53.0,,,,,29.0,83.0,1009.0,2.5,26.0,,,2026-05-21 21:00:00,+08:00,1779397200,2026-05-21 13:52:22
5247,109.0,2025-11-24 20:43:16,5247,"City Mine station dormitory building , Wenchang (文昌市矿山管理站宿舍大楼)",https://aqicn.org/city/china/wenchang/shikuangshanguanlizhansushedalou,19.6208,110.7477,21,pm25,21.0,18.0,16.3,1.4,1.6,3.2,30.0,74.0,1008.0,2.5,25.0,,,2026-05-21 19:00:00,+08:00,1779390000,2026-05-21 13:52:23
13637,85.0,2025-11-24 20:43:16,13637,"Nong Prajak Public Park, Udon Thani, Thailand (สวนสาธารณะหนองประจักษ์ อุดรธานี)",https://aqicn.org/city/thailand/udon-thani/nong-prajak-public-park,17.414174,102.780926,57,pm25,57.0,,,,,,25.0,78.0,1006.5,1.0,21.0,,,2026-05-21 21:00:00,+07:00,1779397200,2026-05-21 13:52:23
8634,117.0,2025-11-24 20:43:16,8634,"hóngqí zhōng xuézǐ station, Tunchangxian (屯昌县红旗中学子站)",https://aqicn.org/city/china/tunchangxian/hongqizhongxuezizhan,19.37706,110.1108,30,pm25,30.0,13.0,15.9,1.9,1.1,3.8,30.0,74.0,1008.0,2.5,25.0,,,2026-05-21 19:00:00,+08:00,1779390000,2026-05-21 13:52:23
8117,5.0,2025-11-24 20:43:16,8117,"Pekan Tutong, Brunei",https://aqicn.org/city/brunei/pekan-tutong,4.8140524,114.6608562,17,,,,,,,,33.0,66.0,1007.0,3.8,26.0,,,2026-05-21 16:00:00,+08:00,1779379200,2026-05-21 13:52:23
1849,117.0,2025-11-24 20:43:16,1849,"General Education Office, Chonburi, Thailand (สำนักงานสามัญศึกษาชลบุรี)",https://aqicn.org/city/thailand/chonburi/general-education-office,13.35461667,100.9792167,130,pm25,130.0,33.0,6.0,9.3,1.1,,30.0,74.0,1007.0,6.6,25.0,,,2026-05-21 21:00:00,+07:00,1779397200,2026-05-21 13:52:23
1816,101.0,2025-11-24 20:43:16,1816,"Sukhothai Thammathirat Open University, Nonthaburi, Thailand (มหาวิทยาลัยสุโขทัยธรรมาธิราช)",https://aqicn.org/city/thailand/nonthaburi/sukhothai-thammathirat-open-university,13.907861,100.535641,55,pm25,55.0,25.0,6.4,5.2,1.1,0.1,30.0,74.0,1007.0,4.1,25.0,,,2026-05-21 21:00:00,+07:00,1779397200,2026-05-21 13:52:23
2622,16.0,2025-11-24 20:43:16,2622,"Kemaman, Terengganu, Malaysia",https://aqicn.org/city/malaysia/terengganu/kemaman,4.262121,103.425778,35,,43.0,14.0,,3.2,0.6,,29.0,83.0,1008.0,1.0,26.0,,,2026-05-21 21:00:00,+08:00,1779397200,2026-05-21 13:52:23
2601,17.0,2025-11-24 20:43:16,2601,"Seberang Jaya 2, Perai, Pulau Pinang, Malaysia",https://aqicn.org/city/malaysia/pulau-pinang/seberang-jaya-2--perai,5.39817,100.403947,35,,37.0,18.0,2.0,7.9,0.7,0.1,30.0,70.0,1008.0,2.0,24.0,,,2026-05-21 21:00:00,+08:00,1779397200,2026-05-21 13:52:23
7886,129.0,2025-11-24 20:43:16,1343,"Hainan Normal University, Haikou (海口海南师范大学)",https://aqicn.org/city/china/haikou/hainanshifandaxue,19.9969,110.338,55,pm25,55.0,19.0,12.2,3.7,1.6,3.7,29.0,83.0,1008.0,2.5,26.0,,,2026-05-21 21:00:00,+08:00,1779397200,2026-05-21 13:52:23
2616,18.0,2025-11-24 20:43:16,2616,"Sri Aman, Sarawak, Malaysia",https://aqicn.org/city/malaysia/sarawak/sri-aman,1.219656,111.464792,37,,52.0,14.0,,,,,26.0,94.0,1009.0,1.5,25.0,,,2026-05-21 21:00:00,+08:00,1779397200,2026-05-21 13:52:24
2615,24.0,2025-11-24 20:43:16,2615,"Sibu, Sarawak, Malaysia",https://aqicn.org/city/malaysia/sarawak/sibu,2.314408,111.831916,36,,42.0,15.0,2.0,5.5,0.3,0.1,25.0,94.0,1009.0,1.0,24.0,,,2026-05-21 21:00:00,+08:00,1779397200,2026-05-21 13:52:24
2581,15.0,2025-11-24 20:43:16,2581,"Alor Setar, Kedah, Malaysia",https://aqicn.org/city/malaysia/kedah/alor-setar,6.137244,100.346815,31,,26.0,13.0,8.0,1.5,0.8,0.1,29.0,83.0,1009.0,1.5,26.0,,,2026-05-21 21:00:00,+08:00,1779397200,2026-05-21 13:52:24
8503,62.0,2025-11-24 20:43:16,8503,"Huai Kon, Chaloem Phra Kiat, Nan, Thailand (ต.ห้วยโก๋น อ.เฉลิมพระเกียรติ จ.น่าน)",https://aqicn.org/city/thailand/nan/chaloem-phra-kiat/huai-kon,19.5759666,101.0815166,48,pm25,48.0,70.0,3.2,1.2,3.2,0.1,31.8,73.2,965.8,2.5,26.4,99.6,,2026-05-21 21:00:00,+07:00,1779397200,2026-05-21 13:52:24
13659,41.0,2025-11-24 20:43:16,13659,"Tây Ninh/Thị xã Tràng Bảng, Vietnam",https://aqicn.org/city/vietnam/tay-ninh/thi-xa-trang-bang,11.030287,106.35631,43,pm10,22.0,43.0,,,,,29.0,83.0,1008.0,1.5,26.0,,,2026-05-21 20:00:00,+07:00,1779393600,2026-05-21 13:52:24
2604,26.0,2025-11-24 20:43:16,2604,"Kota Kinabalu, Sabah, Malaysia",https://aqicn.org/city/malaysia/sabah/kota-kinabalu,5.89372,116.04327,40,,79.0,40.0,1.8,2.3,1.1,0.1,28.0,83.0,1008.0,2.0,25.0,,,2026-05-21 21:00:00,+08:00,1779397200,2026-05-21 13:52:24
9499,18.0,2025-11-24 20:43:16,9499,"Kimanis, Sabah, Malaysia",https://aqicn.org/city/malaysia/sabah/kimanis,5.538225,115.850556,32,,20.0,12.0,,0.9,0.6,,28.0,83.0,1008.0,2.0,25.0,,,2026-05-21 21:00:00,+08:00,1779397200,2026-05-21 13:52:24
8114,1.0,2025-11-24 20:43:16,8114,"Temburong, Brunei",https://aqicn.org/city/brunei/temburong,4.6204128,115.141484,3,,,,,,,,33.0,66.0,1007.0,3.8,26.0,,,2026-05-21 16:00:00,+08:00,1779379200,2026-05-21 13:52:24
2578,39.0,2025-11-24 20:43:16,2578,"Larkin Lama, Johor, Malaysia",https://aqicn.org/city/malaysia/johor/larkin-lama,1.494625,103.735975,53,,65.0,25.0,8.9,3.8,0.8,0.1,28.0,83.0,1009.0,1.5,25.0,,,2026-05-21 21:00:00,+08:00,1779397200,2026-05-21 13:52:24
2587,29.0,2025-11-24 20:43:16,2587,"Bukit Rambai, Melaka, Malaysia",https://aqicn.org/city/malaysia/melaka/bukit-rambai,2.258519,102.172683,53,,63.0,24.0,4.0,7.4,3.5,0.1,29.0,74.0,1010.0,0.5,24.0,,,2026-05-21 21:00:00,+08:00,1779397200,2026-05-21 13:52:24
2609,23.0,2025-11-24 20:43:16,2609,"Kapit, Sarawak, Malaysia",https://aqicn.org/city/malaysia/sarawak/kapit,2.014498,112.92736,25,,30.0,14.0,,,,,,,,,,,,2026-05-21 21:00:00,+08:00,1779397200,2026-05-21 13:52:24
2596,31.0,2025-11-24 20:43:16,2596,"S K Jalan Pegoh, Ipoh, Perak, Malaysia",https://aqicn.org/city/malaysia/perak/s-k-jalan-pegoh--ipoh,4.553336,101.080236,52,,87.0,54.0,11.3,3.3,0.7,0.1,30.0,70.0,1008.0,1.5,24.0,,,2026-05-21 21:00:00,+08:00,1779397200,2026-05-21 13:52:24
10484,39.0,2025-11-24 20:43:16,10484,"Tangkak, Johor, Malaysia",https://aqicn.org/city/malaysia/johor/tangkak,2.294794,102.571595,52,,57.0,32.0,2.9,6.3,0.7,0.1,29.0,74.0,1010.0,0.5,24.0,,,2026-05-21 21:00:00,+08:00,1779397200,2026-05-21 13:52:24
13635,,2025-11-24 20:43:16,13635,"Chom Nan Chaloem Phrakiat Public Park, Thailand (สวนชมน่านเฉลิมพระเกียรติ)",https://aqicn.org/city/thailand/chom-nan-chaloem-phrakiat-public-park,16.820833,100.258056,59,pm25,59.0,31.0,18.2,10.4,0.6,0.1,30.0,79.0,1006.0,1.0,26.0,,,2026-05-21 21:00:00,+07:00,1779397200,2026-05-21 13:52:24
5254,91.0,2025-11-24 20:43:16,5254,"Commission compound Archives , Lingaoxian (临高县委大院档案馆)",https://aqicn.org/city/china/lingaoxian/weidayuandanganguan,19.91205,109.69053,19,o3,13.0,16.0,18.7,0.5,2.1,2.8,30.0,74.0,1008.0,2.5,25.0,,,2026-05-21 19:00:00,+08:00,1779390000,2026-05-21 13:52:24
6814,141.0,2025-11-24 20:43:16,6814,"Provincial Administrative Organization, Samut Sakhon, Thailand (องค์การบริหารส่วนจังหวัดสมุทรสาคร)",https://aqicn.org/city/thailand/samut-sakhon/provincial-administrative-organization,13.5502631,100.2647676,62,pm25,62.0,33.0,2.8,7.5,2.7,,30.0,74.0,1007.0,6.6,25.0,,,2026-05-21 21:00:00,+07:00,1779397200,2026-05-21 13:52:25
5259,76.0,2025-11-24 20:43:16,5259,"Middle school, Wanning (万宁中学子站)",https://aqicn.org/city/china/wanning/zhongxuezizhan,18.7983,110.3933,21,pm25,21.0,15.0,14.7,0.5,1.6,4.0,27.7,69.9,1005.5,4.0,21.7,99.2,,2026-05-21 19:00:00,+08:00,1779390000,2026-05-21 13:52:25
5107,81.0,2025-11-24 20:43:16,5107,"Government Center, Rayong, Thailand (ศูนย์ราชการระยอง)",https://aqicn.org/city/thailand/rayong/government-center,12.7066,101.18055,99,pm25,99.0,64.0,7.5,11.0,2.2,0.1,30.0,89.0,1007.0,4.1,28.0,,,2026-05-21 21:00:00,+07:00,1779397200,2026-05-21 13:52:25
4435,87.0,2025-11-24 20:43:16,4435,"Hedongzi Station, Sanya (三亚河东子站)",https://aqicn.org/city/china/sanya/hedongzizhan,18.2489,109.5078,38,pm25,38.0,16.0,14.7,2.3,1.1,3.6,29.0,83.0,1009.0,1.5,26.0,,,2026-05-21 19:00:00,+08:00,1779390000,2026-05-21 13:52:25
2588,29.0,2025-11-24 20:43:16,2588,"Nilai, Negeri Sembilan, Malaysia",https://aqicn.org/city/malaysia/negeri-sembilan/nilai,2.821692,101.811486,52,,54.0,25.0,2.8,9.3,1.1,0.1,28.0,83.0,1008.0,1.0,25.0,,,2026-05-21 21:00:00,+08:00,1779397200,2026-05-21 13:52:25
13631,56.0,2025-11-24 20:43:16,13631,"Meteorological stations, Sakon Nakhon, Thailand (สถานีอุตุนิยมวิทยาสกลนคร)",https://aqicn.org/city/thailand/sakon-nakhon/meteorological-stations,17.15662,104.133216,48,pm25,48.0,25.0,,,,,30.0,79.0,1006.0,1.5,26.0,,,2026-05-21 21:00:00,+07:00,1779397200,2026-05-21 13:52:25
2612,28.0,2025-11-24 20:43:16,2612,"Miri, Sarawak, Malaysia",https://aqicn.org/city/malaysia/sarawak/miri,4.424679,114.012426,45,,50.0,15.0,6.7,1.0,0.4,0.1,30.0,84.0,1009.0,1.0,27.0,,,2026-05-21 21:00:00,+08:00,1779397200,2026-05-21 13:52:25
2620,20.0,2025-11-24 20:43:16,2620,"Petaling Jaya, Selangor, Malaysia",https://aqicn.org/city/malaysia/selangor/petaling-jaya,3.133169,101.608011,48,,66.0,27.0,7.4,6.8,1.1,0.1,30.0,74.0,1008.0,1.5,25.0,,,2026-05-21 21:00:00,+08:00,1779397200,2026-05-21 13:52:25
13687,42.0,2025-11-24 20:43:16,13687,"Cần Thơ/Ninh Kiều - KTTV - Trạm cảm biến, Vietnam",https://aqicn.org/city/vietnam/can-tho/ninh-kieu-kttv-tram-cam-bien,10.026977,105.768249,30,pm10,13.0,30.0,4.0,1.0,,50.0,27.0,83.0,1008.0,0.5,24.0,,,2026-05-21 20:00:00,+07:00,1779393600,2026-05-21 13:52:25
2594,40.0,2025-11-24 20:43:16,2594,"Jalan Tasek, Ipoh, Perak, Malaysia",https://aqicn.org/city/malaysia/perak/jalan-tasek--ipoh,4.629444,101.11665,41,,28.0,19.0,2.3,5.7,0.6,0.1,30.0,70.0,1008.0,1.5,24.0,,,2026-05-21 21:00:00,+08:00,1779397200,2026-05-21 13:52:26
2582,20.0,2025-11-24 20:43:16,2582,"Bakar Arang, Sg. Petani, Kedah, Malaysia",https://aqicn.org/city/malaysia/kedah/bakar-arang--sg.-petani,5.629631,100.467771,38,,47.0,19.0,3.3,4.9,0.9,0.1,29.0,74.0,1009.0,2.5,24.0,,,2026-05-21 21:00:00,+08:00,1779397200,2026-05-21 13:52:26
2606,34.0,2025-11-24 20:43:16,2606,"Tawau, Sabah, Malaysia",https://aqicn.org/city/malaysia/sabah/tawau,4.249786,117.935864,34,,61.0,28.0,1.7,6.7,0.9,0.1,28.0,83.0,1011.0,1.0,25.0,,,2026-05-21 21:00:00,+08:00,1779397200,2026-05-21 13:52:26
2593,34.0,2025-11-24 20:43:16,2593,"Jerantut, Pahang, Malaysia",https://aqicn.org/city/malaysia/pahang/jerantut,3.94836,102.366632,54,,74.0,33.0,3.3,3.0,0.4,0.1,27.7,98.0,1005.4,0.8,,,,2026-05-21 21:00:00,+08:00,1779397200,2026-05-21 13:52:26
5255,85.0,2025-11-24 20:43:16,5255,"Commission for Discipline Building Station, Lingshuixian (陵水县纪委大楼站)",https://aqicn.org/city/china/lingshuixian/jiweidalouzhan,18.50844,110.03572,17,pm10,17.0,17.0,15.5,1.9,2.1,3.9,29.0,83.0,1009.0,1.5,26.0,,,2026-05-21 19:00:00,+08:00,1779390000,2026-05-21 13:52:26
1664,53.0,2025-11-24 20:43:16,1664,"East, Singapore",https://aqicn.org/city/singapore/east,1.3645924,103.9477547,59,pm25,59.0,24.0,19.0,,3.0,4.0,30.0,66.0,1009.0,1.5,23.0,,,2026-05-21 21:00:00,+08:00,1779397200,2026-05-21 13:52:26
5190,74.0,2025-11-24 20:43:16,5190,Dongfang (东方),https://aqicn.org/city/dongfang,19.095361,108.651775,34,pm25,34.0,31.0,21.6,2.8,2.1,2.5,26.8,81.2,1007.5,3.0,,99.1,,2026-05-21 19:00:00,+08:00,1779390000,2026-05-21 13:52:26
1817,,2025-11-24 20:43:16,1817,"Na Phralan Police Station Saraburi, Thailand (สถานีตำรวจภูธรหน้าพระลาน สระบุรี)",https://aqicn.org/city/thailand/na-phralan-police-station-saraburi,14.685833,100.871996,80,pm25,80.0,66.0,1.6,20.8,0.6,0.1,30.0,74.0,1007.0,4.1,25.0,,,2026-05-21 21:00:00,+07:00,1779397200,2026-05-21 13:52:26
2623,14.0,2025-11-24 20:43:16,2623,"Kuala Terengganu, Terengganu, Malaysia",https://aqicn.org/city/malaysia/terengganu/kuala-terengganu,5.308094,103.120392,54,,92.0,36.0,6.7,5.1,1.0,0.1,29.0,83.0,1008.0,1.0,26.0,,,2026-05-21 21:00:00,+08:00,1779397200,2026-05-21 13:52:26
2585,31.0,2025-11-24 20:43:16,2585,"Tanah Merah, Kelantan, Malaysia",https://aqicn.org/city/malaysia/kelantan/tanah-merah,5.811172,102.1345,53,,87.0,45.0,3.6,6.2,0.9,0.1,29.0,83.0,1008.0,2.0,26.0,,,2026-05-21 21:00:00,+08:00,1779397200,2026-05-21 13:52:26
13505,69.0,2025-11-24 20:43:16,13505,"Tanjung Harapan, Indonesia",https://aqicn.org/city/indonesia/tanjung-harapan,2.83,117.36,64,pm25,64.0,,,,,,29.6,79.1,1009.1,0.5,25.6,0.3,,2026-05-21 20:00:00,+07:00,1779393600,2026-05-21 13:52:26
1859,91.0,2025-11-24 20:43:16,1859,"Thonburi Power Sub-Station, Bangkok, Thailand (โรงไฟฟ้าย่อย ธนบุรี)",https://aqicn.org/city/thailand/bangkok/thonburi-power-sub-station,13.727622,100.486568,70,pm25,70.0,50.0,,34.0,,,30.0,74.0,1007.0,4.1,25.0,,,2026-05-21 21:00:00,+07:00,1779397200,2026-05-21 13:52:26
5253,104.0,2025-11-24 20:43:16,5253,"Land Environment and Resources Bureau, Chengmaixian (澄迈县澄迈国土环境资源局站)",https://aqicn.org/city/china/chengmaixian/chengmaiguotuhuanjingziyuanjuzhan,19.76,110.006,17,pm25,17.0,14.0,11.8,2.3,1.6,3.3,30.0,74.0,1008.0,2.5,25.0,,,2026-05-21 19:00:00,+08:00,1779390000,2026-05-21 13:52:26
2605,38.0,2025-11-24 20:43:16,2605,"Sandakan, Sabah, Malaysia",https://aqicn.org/city/malaysia/sabah/sandakan,5.864467,118.091089,20,,29.0,10.0,4.1,2.9,0.6,0.1,29.0,83.0,1010.0,1.5,26.0,,,2026-05-21 21:00:00,+08:00,1779397200,2026-05-21 13:52:26
1863,64.0,2025-11-24 20:43:16,1863,"Wang Yen Subdistrict Administrative, Chachoengsao, Thailand (องค์การบริหารส่วนตำบลวังเย็น)",https://aqicn.org/city/thailand/chachoengsao/wang-yen-subdistrict-administrative,13.5885,101.2863333,77,pm25,77.0,56.0,0.8,8.1,1.6,,31.0,68.0,1006.0,7.2,24.5,,,2026-05-21 19:00:00,+07:00,1779390000,2026-05-21 13:52:26
12795,86.0,2025-11-24 20:43:16,12795,"T.Meechai A.Muang Nongkhai Province, Thailand (ต.มีชัย อ.เมืองหนองคาย จ.หนองคาย)",https://aqicn.org/city/thailand/t.meechai-a.muang-nongkhai-province,17.87748,102.728925,64,pm25,64.0,43.0,7.9,7.5,0.6,0.1,25.0,73.0,1007.0,1.0,20.0,,,2026-05-21 21:00:00,+07:00,1779397200,2026-05-21 13:52:27
1830,72.0,2025-11-24 20:43:16,1830,"Phrae Meteorological Station, Thailand (สถานีอุตุนิยมวิทยาแพร่)",https://aqicn.org/city/thailand/phrae-meteorological-station,18.1283666,100.1624333,65,pm25,65.0,68.0,6.7,8.7,0.6,0.1,32.0,66.0,1004.0,4.6,25.0,,,2026-05-21 21:00:00,+07:00,1779397200,2026-05-21 13:52:27
2614,19.0,2025-11-24 20:43:16,2614,"Sarikei, Sarawak, Malaysia",https://aqicn.org/city/malaysia/sarawak/sarikei,2.132809,111.52287,36,,27.0,15.0,,,,,25.0,94.0,1009.0,1.0,24.0,,,2026-05-21 21:00:00,+08:00,1779397200,2026-05-21 13:52:27
2610,29.0,2025-11-24 20:43:16,2610,"Kuching, Sarawak, Malaysia",https://aqicn.org/city/malaysia/sarawak/kuching,1.562229,110.388958,47,,33.0,15.0,4.8,3.4,0.6,0.1,27.0,83.0,1010.0,3.0,24.0,,,2026-05-21 21:00:00,+08:00,1779397200,2026-05-21 13:52:27
9495,50.0,2025-11-24 20:43:16,9495,"Pengerang, Johor, Malaysia",https://aqicn.org/city/malaysia/johor/pengerang,1.389489,104.149586,57,,65.0,26.0,,7.6,0.6,,30.0,66.0,1009.0,1.5,23.0,,,2026-05-21 21:00:00,+08:00,1779397200,2026-05-21 13:52:27
13652,43.0,2025-11-24 20:43:16,13652,"Sintang, Indonesia",https://aqicn.org/city/indonesia/sintang,0.066,111.477,29,pm25,29.0,,,,,,28.8,79.5,1004.4,4.1,24.9,6.5,,2026-05-21 20:00:00,+07:00,1779393600,2026-05-21 13:52:27
2603,26.0,2025-11-24 20:43:16,2603,"Keningau, Sabah, Malaysia",https://aqicn.org/city/malaysia/sabah/keningau,5.339317,116.163658,21,,28.0,13.0,2.7,1.4,0.7,0.1,28.0,83.0,1008.0,2.0,25.0,,,2026-05-21 21:00:00,+08:00,1779397200,2026-05-21 13:52:27
1867,72.0,2025-11-24 20:43:16,1867,"Municipality Office, Nan, Thailand (สำนักงานเทศบาลเมืองน่าน)",https://aqicn.org/city/thailand/nan/municipality-office,18.7888833,100.7763166,76,pm25,76.0,67.0,6.4,1.8,0.6,0.1,26.0,94.0,1007.0,1.5,25.0,,,2026-05-21 21:00:00,+07:00,1779397200,2026-05-21 13:52:27
14893,63.0,2025-11-24 20:43:16,1645,"Hengchun, Taiwan (恆春)",https://aqicn.org/city/taiwan/hengchun,21.958069,120.788928,21,pm25,21.0,13.0,16.5,0.9,0.9,0.8,27.3,83.0,1011.0,1.5,23.0,,,2026-05-21 21:00:00,+08:00,1779397200,2026-05-21 13:52:27
14139,339.0,2025-11-24 20:43:16,14139,"Bardowali, Agartala, India",https://aqicn.org/city/india/agartala/bardowali,23.8175497,91.2726974,96,pm25,96.0,52.0,1.2,7.7,3.1,5.9,27.7025,96.7275,748.9725,0.6499999999999999,27.5,,,2026-05-21 19:00:00,+05:30,1779390000,2026-05-21 13:52:28
1832,71.0,2025-11-24 20:43:16,1832,"Maesai Health Office, Chiangrai, Thailand (สำนักงานสาธารณสุขอำเภอแม่สาย เชียงราย)",https://aqicn.org/city/thailand/chiangrai/maesai-health-office,20.439944444444,99.913666666667,114,pm25,114.0,149.0,,,,,30.0,70.0,1006.0,5.1,24.0,,,2026-05-21 21:00:00,+07:00,1779397200,2026-05-21 13:52:28
12809,6.0,2025-11-24 20:43:16,12809,"Sikulpuikawn, Aizawl, India",https://aqicn.org/city/india/aizawl/sikulpuikawn,23.7176342,92.7192841,50,pm10,30.0,50.0,0.1,0.4,6.3,0.6,28.0,80.4,,1.0,24.3,,,2026-05-21 19:00:00,+05:30,1779390000,2026-05-21 13:52:28
7225,74.0,2025-11-24 20:43:16,7225,"Dehong Stations, Dehong (德宏州德宏州监测站)",https://aqicn.org/city/china/dehongzhou/dehongzhoujiancezhan,24.428,98.5842,107,pm25,107.0,42.0,31.7,6.4,3.1,4.6,17.6,54.1,829.8,3.0,8.2,0.1,,2026-05-21 21:00:00,+08:00,1779397200,2026-05-21 13:52:28
3431,87.0,2025-11-24 20:43:16,3431,"Beihai Industrial Park, Beihai (北海北海工业园)",https://aqicn.org/city/china/beihai/beihaigongyeyuan,21.5233,109.1778,50,pm25,50.0,7.0,8.2,7.4,3.6,5.5,26.5,73.2,1007.0,3.0,21.3,,,2026-05-21 21:00:00,+08:00,1779397200,2026-05-21 13:52:28
14221,55.0,2025-11-24 20:43:16,14221,"广宁庄前西,  (肇庆市广宁庄前西)",https://aqicn.org/city/guangdong/zhaoqingshi/guangningzhuangqianxi,23.638817,112.43656,25,pm25,25.0,8.0,9.8,4.6,4.1,3.7,28.0,94.0,1010.0,1.0,27.0,,,2026-05-21 20:00:00,+08:00,1779393600,2026-05-21 13:52:28
1302,59.0,2025-11-24 20:43:16,1302,"Gulangyu, Xiamen (厦门鼓浪屿)",https://aqicn.org/city/china/xiamen/gulangyu,24.445833333,118.06361111,38,pm25,38.0,10.0,3.3,12.8,1.1,4.6,27.0,88.0,1011.0,1.5,25.0,,,2026-05-21 21:00:00,+08:00,1779397200,2026-05-21 13:52:28
14394,102.0,2025-11-24 20:43:16,14394,"大沥,  (佛山市大沥)",https://aqicn.org/city/guangdong/fushanshi/dali,23.1171,113.1277,74,pm25,74.0,26.0,4.9,17.9,1.6,5.5,28.0,94.0,1010.0,1.0,27.0,,,2026-05-21 20:00:00,+08:00,1779393600,2026-05-21 13:52:28
14358,70.0,2025-11-24 20:43:16,14358,"云安都杨,  (云浮市云安都杨)",https://aqicn.org/city/guangdong/yunfushi/yunanduyang,23.044739,112.159956,18,o3,17.0,14.0,17.9,2.3,2.1,2.8,25.5,74.8,1003.1,3.0,20.7,99.2,,2026-05-21 20:00:00,+08:00,1779393600,2026-05-21 13:52:28
1553,87.0,2025-11-24 20:43:16,1553,Beihai (北海),https://aqicn.org/city/beihai,21.481254,109.119927,63,pm25,63.0,11.0,16.3,7.4,3.6,4.6,26.5,73.2,1007.0,3.0,,99.9,,2026-05-21 21:00:00,+08:00,1779397200,2026-05-21 13:52:28
7201,107.0,2025-11-24 20:43:16,7201,"CPPCC Building, Hezhou (贺州环保小区)",https://aqicn.org/city/china/hezhou/huanbaoxiaoqu,24.4175,111.5269,30,pm25,30.0,11.0,14.3,4.2,3.6,3.7,25.3,69.8,994.3,2.0,19.4,99.1,,2026-05-21 21:00:00,+08:00,1779397200,2026-05-21 13:52:28
4342,74.0,2025-11-24 20:43:16,4342,Shanwei (汕尾),https://aqicn.org/city/shanwei,22.786211,115.375279,70,pm25,70.0,35.0,26.0,1.4,2.6,4.6,22.6,81.6,1010.7,1.0,,,,2026-05-21 21:00:00,+08:00,1779397200,2026-05-21 13:52:28
13683,,2025-11-24 20:43:16,1583,"Hanoi, Vietnam (Hà Nội)",https://aqicn.org/city/vietnam/hanoi,21.0491,105.8831,26,pm25,26.0,21.0,30.0,,3.0,,30.0,79.0,1005.0,4.3,26.0,,,2026-05-21 19:00:00,+07:00,1779390000,2026-05-21 13:52:28
14227,107.0,2025-11-24 20:43:16,14227,"鹤山南山,  (江门市鹤山南山)",https://aqicn.org/city/guangdong/jiangmenshi/heshannanshan,22.763923,112.969881,50,pm25,50.0,17.0,2.1,10.6,2.6,3.7,28.0,94.0,1010.0,1.0,27.0,,,2026-05-21 20:00:00,+08:00,1779393600,2026-05-21 13:52:28
14528,82.0,2025-11-24 20:43:16,14528,"晋宁区生态环境分局, Kunming (昆明晋宁区生态环境分局)",https://aqicn.org/city/china/kunming/jinningqushengtaihuanjingfenju,24.6736,102.5967,87,pm25,87.0,45.0,39.4,5.5,1.1,3.7,22.0,56.0,1016.0,4.6,13.0,,,2026-05-21 21:00:00,+08:00,1779397200,2026-05-21 13:52:28
14467,72.0,2025-11-24 20:43:16,14466,"赤石中学, Shenzhen (深汕合作区 赤石镇)",https://aqicn.org/city/shenzhen/chishizhongxue,22.97944,115.08611,63,pm25,63.0,25.0,9.8,4.2,5.1,5.5,22.6,81.6,1010.7,1.0,19.3,,,2026-05-21 20:00:00,+08:00,1779393600,2026-05-21 13:52:29
14393,124.0,2025-11-24 20:43:16,14393,"丹灶,  (佛山市丹灶)",https://aqicn.org/city/guangdong/fushanshi/danzao,23.0404,112.9197,46,pm25,46.0,17.0,0.9,16.5,3.6,5.5,28.0,94.0,1010.0,1.0,27.0,,,2026-05-21 20:00:00,+08:00,1779393600,2026-05-21 13:52:29
3579,61.0,2025-11-24 20:43:16,3579,"Liudong Primary School, Liuzhou (柳州柳东小学)",https://aqicn.org/city/china/liuzhou/liudongxiaoxue,24.3898,109.4883,16,o3,13.0,10.0,15.5,3.7,1.6,6.4,25.9,67.8,972.9,4.0,19.5,99.3,,2026-05-21 21:00:00,+08:00,1779397200,2026-05-21 13:52:29
805,72.0,2025-11-24 20:43:16,805,"Kengkouzi station, Zhaoqing (肇庆坑口子站)",https://aqicn.org/city/guangdong/zhaoqing/kangkouzizhan,23.1617,112.565,13,pm25,13.0,6.0,7.4,5.1,2.6,2.8,28.0,94.0,1010.0,1.0,27.0,,,2026-05-21 21:00:00,+08:00,1779397200,2026-05-21 13:52:29
13026,108.0,2025-11-24 20:43:16,13026,"Hà Nội/Chi cục BVMT, Vietnam",https://aqicn.org/city/vietnam/ha-noi/chi-cuc-bvmt,21.01525,105.80013,40,pm25,40.0,31.0,29.3,13.9,0.2,0.1,33.0,70.0,1005.0,4.1,27.0,,,2026-05-21 14:00:00,+07:00,1779372000,2026-05-21 13:52:29
14476,76.0,2025-11-24 20:43:16,14476,"从化良口, Guangzhou (广州从化良口)",https://aqicn.org/city/guangdong/guangzhou/conghualiangkou,23.7372,113.7861,34,pm25,34.0,14.0,,7.4,2.1,,28.0,94.0,1010.0,0.5,27.0,,,2026-05-21 21:00:00,+08:00,1779397200,2026-05-21 13:52:29
14478,85.0,2025-11-24 20:43:16,14478,"花都梯面, Guangzhou (广州花都梯面)",https://aqicn.org/city/guangdong/guangzhou/huadutimian,23.5544,113.2902,50,pm25,50.0,21.0,,8.7,4.6,,28.0,94.0,1010.0,0.5,27.0,,,2026-05-21 21:00:00,+08:00,1779397200,2026-05-21 13:52:29
14279,80.0,2025-11-24 20:43:16,14279,"三水南山,  (佛山市三水南山)",https://aqicn.org/city/guangdong/fushanshi/sanshuinanshan,23.530838,112.880875,34,pm25,34.0,14.0,9.0,5.1,0.6,3.7,28.0,94.0,1010.0,1.0,27.0,,,2026-05-21 20:00:00,+08:00,1779393600,2026-05-21 13:52:29
784,80.0,2025-11-24 20:43:16,784,"Dòumén, Zhuhai (珠海斗门)",https://aqicn.org/city/guangdong/zhuhai/doumen,22.2281,113.299,55,pm25,55.0,6.0,15.9,1.9,2.6,6.4,27.0,100.0,1010.0,2.0,27.0,,,2026-05-21 21:00:00,+08:00,1779397200,2026-05-21 13:52:29
1548,89.0,2025-11-24 20:43:16,1548,Huizhou (惠州),https://aqicn.org/city/huizhou,23.111847,114.416196,61,pm25,61.0,30.0,15.5,8.3,3.1,3.7,26.2,97.1,1009.1,1.0,,99.5,,2026-05-21 20:00:00,+08:00,1779393600,2026-05-21 13:52:30
14249,76.0,2025-11-24 20:43:16,14249,"连州城东,  (清远市连州城东)",https://aqicn.org/city/guangdong/qingyuanshi/lianzhouchengdong,24.7929,112.391601,12,o3,9.0,10.0,12.2,3.2,4.1,4.6,25.3,69.8,994.3,2.0,19.4,99.1,,2026-05-21 20:00:00,+08:00,1779393600,2026-05-21 13:52:30
14332,114.0,2025-11-24 20:43:16,14332,"罗定兴华,  (云浮市罗定兴华)",https://aqicn.org/city/guangdong/yunfushi/luodingxinghua,22.761743,111.594533,50,pm25,50.0,13.0,22.8,2.8,2.6,6.4,25.5,69.9,993.3,2.0,19.6,,,2026-05-21 20:00:00,+08:00,1779393600,2026-05-21 13:52:30
14334,93.0,2025-11-24 20:43:16,14334,"新兴南外,  (云浮市新兴南外)",https://aqicn.org/city/guangdong/yunfushi/xinxingnanwai,22.694085,112.234114,30,pm25,30.0,10.0,9.0,2.8,3.1,8.2,25.5,74.8,1003.1,3.0,20.7,99.2,,2026-05-21 20:00:00,+08:00,1779393600,2026-05-21 13:52:30
14297,85.0,2025-11-24 20:43:16,14297,"连平东园,  (河源市连平东园)",https://aqicn.org/city/guangdong/heyuanshi/lianpingdongyuan,24.366944,114.492777,17,pm10,17.0,17.0,9.0,5.1,3.1,6.4,23.7,78.8,978.1,4.0,19.8,99.2,,2026-05-21 20:00:00,+08:00,1779393600,2026-05-21 13:52:30
3424,82.0,2025-11-24 20:43:16,3424,"Wanan, Quanzhou (泉州万安)",https://aqicn.org/city/china/quanzhou/wanan,24.9424,118.6663,72,pm25,72.0,28.0,3.3,19.7,2.1,3.7,27.0,88.0,1011.0,1.5,25.0,,,2026-05-21 21:00:00,+08:00,1779397200,2026-05-21 13:52:30
791,76.0,2025-11-24 20:43:16,791,"Sanshuiyun donghai, Foshan (佛山三水云东海)",https://aqicn.org/city/guangdong/fushan/sanshuiyundonghai,23.1886,112.863,57,pm25,57.0,38.0,0.9,11.9,1.6,5.5,28.0,94.0,1010.0,1.0,27.0,,,2026-05-21 21:00:00,+08:00,1779397200,2026-05-21 13:52:30
14306,78.0,2025-11-24 20:43:16,14306,"惠东莲花地,  (惠州市惠东莲花地)",https://aqicn.org/city/guangdong/huizhoushi/huidonglianhuadi,22.99122,114.737797,55,pm25,55.0,18.0,12.6,5.1,3.1,4.6,28.8,90.0,1010.6,1.2,,,,2026-05-21 20:00:00,+08:00,1779393600,2026-05-21 13:52:30
14215,95.0,2025-11-24 20:43:16,14215,"南沙科大,  (广州市南沙科大)",https://aqicn.org/city/guangdong/guangzhoushi/nanshakeda,22.755893,113.617769,119,pm25,119.0,18.0,12.6,6.4,2.1,5.5,28.0,88.0,1011.0,3.6,26.0,,,2026-05-21 20:00:00,+08:00,1779393600,2026-05-21 13:52:30
14264,70.0,2025-11-24 20:43:16,14264,"增城荔城,  (广州市增城荔城)",https://aqicn.org/city/guangdong/guangzhoushi/zengchenglicheng,23.2614,113.8051,63,pm25,63.0,23.0,12.2,4.2,3.1,3.7,28.0,94.0,1010.0,1.0,27.0,,,2026-05-21 20:00:00,+08:00,1779393600,2026-05-21 13:52:30
14448,80.0,2025-11-24 20:43:16,14448,"沙头角子站, Shenzhen (盐田区 沙头角街道)",https://aqicn.org/city/shenzhen/shatoujiaozizhan,22.5634,114.2267,38,pm25,38.0,17.0,4.1,5.1,5.6,2.8,26.7,99.4,1002.2,1.0,26.6,99.5,,2026-05-21 20:00:00,+08:00,1779393600,2026-05-21 13:52:30
822,85.0,2025-11-24 20:43:16,822,"Yangtze River tourist area, Zhongshan (中山长江旅游区)",https://aqicn.org/city/guangdong/zhongshan/changjianglvyouqu,22.4886,113.434,46,pm25,46.0,20.0,13.5,1.4,3.6,3.7,27.0,100.0,1010.0,2.0,27.0,,,2026-05-21 20:00:00,+08:00,1779393600,2026-05-21 13:52:30
14337,89.0,2025-11-24 20:43:16,14337,"北郊,  (江门市北郊)",https://aqicn.org/city/guangdong/jiangmenshi/beijiao,22.2033,112.3425,50,pm25,50.0,19.0,2.9,10.1,3.6,4.6,23.9,83.8,1000.3,3.0,21.0,99.1,,2026-05-21 20:00:00,+08:00,1779393600,2026-05-21 13:52:30
793,95.0,2025-11-24 20:43:16,793,"Gāomíng kǒngtáng, Foshan (佛山高明孔堂)",https://aqicn.org/city/guangdong/fushan/gaomingkongtang,22.8693,112.844,53,pm25,53.0,20.0,1.3,14.2,1.6,3.7,28.0,94.0,1010.0,1.0,27.0,,,2026-05-21 21:00:00,+08:00,1779397200,2026-05-21 13:52:30
14291,80.0,2025-11-24 20:43:16,14291,"佛冈沿江,  (清远市佛冈沿江)",https://aqicn.org/city/guangdong/qingyuanshi/fugangyanjiang,23.8825,113.5238,53,pm25,53.0,20.0,9.0,7.8,5.6,6.4,28.0,94.0,1010.0,1.0,27.0,,,2026-05-21 20:00:00,+08:00,1779393600,2026-05-21 13:52:30
14356,63.0,2025-11-24 20:43:16,14356,"龙川细坳,  (河源市龙川细坳)",https://aqicn.org/city/guangdong/heyuanshi/longchuanxiao,23.6442,112.7434,30,pm25,30.0,10.0,17.1,1.4,4.1,1.9,28.0,94.0,1010.0,1.0,27.0,,,2026-05-21 20:00:00,+08:00,1779393600,2026-05-21 13:52:31
14293,76.0,2025-11-24 20:43:16,14293,"英德城南,  (清远市英德城南)",https://aqicn.org/city/guangdong/qingyuanshi/yingdechengnan,24.174395,113.41942,10,pm10,9.0,10.0,8.6,8.3,2.1,4.6,28.0,94.0,1010.0,1.0,27.0,,,2026-05-21 20:00:00,+08:00,1779393600,2026-05-21 13:52:31
14278,95.0,2025-11-24 20:43:16,14278,"南海狮山,  (佛山市南海狮山)",https://aqicn.org/city/guangdong/fushanshi/nanhaishishan,23.17846,112.989113,55,pm25,55.0,23.0,3.3,11.9,1.1,4.6,28.0,94.0,1010.0,1.0,27.0,,,2026-05-21 20:00:00,+08:00,1779393600,2026-05-21 13:52:31
14263,70.0,2025-11-24 20:43:16,14263,"增城派潭,  (广州市增城派潭)",https://aqicn.org/city/guangdong/guangzhoushi/zengchengpaitan,23.496093,113.790235,61,pm25,61.0,20.0,13.5,5.5,3.6,3.7,28.0,94.0,1010.0,1.0,27.0,,,2026-05-21 20:00:00,+08:00,1779393600,2026-05-21 13:52:32
5506,65.0,2025-11-24 20:43:16,5506,"Viet Tri, Vietnam (Tp Việt Trì)",https://aqicn.org/city/vietnam/viet-tri,21.33847,105.3673,20,pm25,20.0,13.0,41.0,,,,30.0,84.0,1005.0,4.6,27.0,,,2026-05-21 20:00:00,+07:00,1779393600,2026-05-21 13:52:32
1342,112.0,2025-11-24 20:43:16,1342,"Xiuying Hainan Hospital, Haikou (海口秀英海南医院)",https://aqicn.org/city/china/haikou/xiuyinghainanyiyuan,20.0053,110.283,70,pm25,70.0,16.0,11.4,5.5,3.1,2.8,29.0,83.0,1008.0,2.5,26.0,,,2026-05-21 21:00:00,+08:00,1779397200,2026-05-21 13:52:32
804,104.0,2025-11-24 20:43:16,804,"Guīfēngxi, Jiangmen (江门圭峰西)",https://aqicn.org/city/guangdong/jiangmen/guifengxi,22.5328,113.024,59,pm25,59.0,22.0,11.0,6.4,2.1,5.5,27.0,100.0,1010.0,2.0,27.0,,,2026-05-21 21:00:00,+08:00,1779397200,2026-05-21 13:52:33
14325,82.0,2025-11-24 20:43:16,14325,"电白水东,  (茂名市电白水东)",https://aqicn.org/city/guangdong/maomingshi/dianbaishuidong,21.5165,111.01,23,o3,21.0,25.0,23.2,2.8,1.1,3.7,24.4,86.5,1003.2,4.0,22.0,,,2026-05-21 20:00:00,+08:00,1779393600,2026-05-21 13:52:34
930,82.0,2025-11-24 20:43:16,930,"Guangming, Shenzhen (光明区 光明街道)",https://aqicn.org/city/shenzhen/guangming,22.723285,114.417292,42,pm25,42.0,19.0,9.8,5.1,3.1,5.5,28.8,90.2,1010.4,1.6,,,,2026-05-21 20:00:00,+08:00,1779393600,2026-05-21 13:52:34
916,82.0,2025-11-24 20:43:16,916,"Kwai Chung, Shenzhen (宝安区 新安街道)",https://aqicn.org/city/shenzhen/xixiang,22.575856,113.862238,59,pm25,59.0,26.0,11.4,6.9,1.1,6.4,28.0,88.0,1011.0,3.6,26.0,,,2026-05-21 21:00:00,+08:00,1779397200,2026-05-21 13:52:34
14230,63.0,2025-11-24 20:43:16,14230,"怀集三江口,  (肇庆市怀集三江口)",https://aqicn.org/city/guangdong/zhaoqingshi/huaijisanjiangkou,23.925704,112.173061,21,pm25,21.0,6.0,11.0,3.2,4.1,6.4,25.3,69.8,994.3,2.0,19.4,99.1,,2026-05-21 20:00:00,+08:00,1779393600,2026-05-21 13:52:35
3486,70.0,2025-11-24 20:43:16,4256,"Lónghúzi, Shantou (汕头龙湖子站)",https://aqicn.org/city/guangdong/shantou/longhuzizhan,23.3633,116.7244,70,pm25,70.0,27.0,15.1,4.2,3.1,3.7,26.0,100.0,1011.0,1.5,26.0,,,2026-05-21 21:00:00,+08:00,1779397200,2026-05-21 13:52:35
14472,68.0,2025-11-24 20:43:16,14472,"小漠子站, Shenzhen (深汕合作区 小漠镇)",https://aqicn.org/city/shenzhen/xiaomozizhan,22.78084,115.04496,59,pm25,59.0,27.0,11.4,5.1,1.6,2.8,28.8,90.2,1010.4,1.6,,,,2026-05-21 20:00:00,+08:00,1779393600,2026-05-21 13:52:35
7198,80.0,2025-11-24 20:43:16,7198,"nanjiang No1 middle school, Yulin (玉林南江一中)",https://aqicn.org/city/china/yulin/nanjiangyizhong,22.6164,110.1433,61,pm25,61.0,19.0,9.8,7.8,4.1,9.1,25.5,69.9,993.3,2.0,19.6,,,2026-05-21 21:00:00,+08:00,1779397200,2026-05-21 13:52:36
14315,112.0,2025-11-24 20:43:16,14315,"普宁城北,  (揭阳市普宁城北)",https://aqicn.org/city/guangdong/jieyangshi/puningchengbei,23.30725,116.158694,76,pm25,76.0,46.0,9.0,12.8,3.1,8.2,26.0,100.0,1011.0,1.5,26.0,,,2026-05-21 20:00:00,+08:00,1779393600,2026-05-21 13:52:36
1659,74.0,2025-11-24 20:43:16,1659,"Magong, Taiwan (馬公)",https://aqicn.org/city/taiwan/magong,23.569031,119.566158,42,pm25,42.0,13.0,18.6,6.8,0.2,2.6,26.5,94.0,1011.9,0.7,26.0,,,2026-05-21 21:00:00,+08:00,1779397200,2026-05-21 13:52:37
14524,70.0,2025-11-24 20:43:16,14524,"青年创业园, Kunming (昆明青年创业园)",https://aqicn.org/city/china/kunming/qingnianchuangyeyuan,24.8336,102.8017,63,pm25,63.0,19.0,42.7,3.2,2.1,4.6,22.0,56.0,1016.0,4.6,13.0,,,2026-05-21 21:00:00,+08:00,1779397200,2026-05-21 13:52:37
14252,65.0,2025-11-24 20:43:16,14252,"丰顺汤坑,  (梅州市丰顺汤坑)",https://aqicn.org/city/guangdong/meizhoushi/fengshuntangkang,23.4433,116.1057,65,pm25,65.0,20.0,5.3,11.5,3.6,7.3,26.0,100.0,1011.0,1.5,26.0,,,2026-05-21 20:00:00,+08:00,1779393600,2026-05-21 13:52:37
14367,91.0,2025-11-24 20:43:16,14367,"天河奥体,  (广州市天河奥体)",https://aqicn.org/city/guangdong/guangzhoushi/tianheaoti,23.1467,113.405,61,pm25,61.0,29.0,0.9,18.3,1.6,4.6,28.0,94.0,1010.0,1.0,27.0,,,2026-05-21 20:00:00,+08:00,1779393600,2026-05-21 13:52:38
9886,87.0,2025-11-24 20:43:16,9886,"州图书馆, Honghe (红河州州图书馆)",https://aqicn.org/city/china/honghezhou/zhoutushuguan,23.3682,103.3758,30,o3,61.0,23.0,30.1,1.9,1.1,2.8,24.1,46.1,864.4,4.0,11.8,99.2,,2026-05-21 20:00:00,+08:00,1779393600,2026-05-21 13:52:39
14300,65.0,2025-11-24 20:43:16,14300,"紫金紫城,  (河源市紫金紫城)",https://aqicn.org/city/guangdong/heyuanshi/zijinzicheng,23.644268,115.195303,30,pm25,30.0,10.0,3.3,1.9,3.6,6.4,24.2,74.6,997.8,3.0,19.4,0.9,,2026-05-21 20:00:00,+08:00,1779393600,2026-05-21 13:52:39
14246,76.0,2025-11-24 20:43:16,14246,"连南城西,  (清远市连南城西)",https://aqicn.org/city/guangdong/qingyuanshi/liannanchengxi,24.719772,112.295012,53,pm25,53.0,11.0,10.6,5.5,4.1,7.3,25.3,69.8,994.3,2.0,19.4,99.1,,2026-05-21 20:00:00,+08:00,1779393600,2026-05-21 13:52:39
4272,74.0,2025-11-24 20:43:16,4272,"Xincheng Middle School, Shanwei (汕尾新城中学)",https://aqicn.org/city/guangdong/shanwei/xinchengzhongxue,22.7925,115.3622,70,pm25,70.0,20.0,26.0,1.4,3.1,4.6,22.6,81.6,1010.7,1.0,19.3,,,2026-05-21 21:00:00,+08:00,1779397200,2026-05-21 13:52:39
14309,68.0,2025-11-24 20:43:16,14309,"潮安庵北,  (潮州市潮安庵北)",https://aqicn.org/city/guangdong/chaozhoushi/chaoananbei,23.467778,116.671944,80,pm25,80.0,26.0,5.7,9.6,3.1,8.2,26.0,100.0,1011.0,1.5,26.0,,,2026-05-21 20:00:00,+08:00,1779393600,2026-05-21 13:52:40
4343,89.0,2025-11-24 20:43:16,4343,Yangjiang (阳江),https://aqicn.org/city/yangjiang,21.857958,111.982232,61,pm25,61.0,20.0,17.5,2.8,2.6,4.6,23.9,83.8,1000.3,3.0,,99.1,,2026-05-21 20:00:00,+08:00,1779393600,2026-05-21 13:52:40
14271,70.0,2025-11-24 20:43:16,14271,"东莞松山湖,  (东莞市东莞松山湖)",https://aqicn.org/city/guangdong/dongguanshi/dongguansongshanhu,22.925278,113.881944,61,pm25,61.0,25.0,9.8,3.2,2.1,2.8,28.0,88.0,1011.0,3.6,26.0,,,2026-05-21 20:00:00,+08:00,1779393600,2026-05-21 13:52:40
14251,65.0,2025-11-24 20:43:16,14251,"海丰牛黄山,  (汕尾市海丰牛黄山)",https://aqicn.org/city/guangdong/shanweishi/haifengniuhuangshan,22.972396,115.324567,59,pm25,59.0,20.0,13.9,3.7,2.1,9.1,22.6,81.6,1010.7,1.0,19.3,,,2026-05-21 20:00:00,+08:00,1779393600,2026-05-21 13:52:41
14346,82.0,2025-11-24 20:43:16,14346,"大亚湾霞涌,  (惠州市大亚湾霞涌)",https://aqicn.org/city/guangdong/huizhoushi/dayawanxiayong,22.775,114.6517,102,pm25,102.0,15.0,16.7,4.2,1.6,5.5,28.8,90.0,1010.6,1.2,,,,2026-05-21 20:00:00,+08:00,1779393600,2026-05-21 13:52:42
14355,99.0,2025-11-24 20:43:16,14355,"吴川振文,  (湛江市吴川振文)",https://aqicn.org/city/guangdong/zhanjiangshi/wuchuanzhenwen,21.4103,110.7086,31,pm10,99.0,31.0,21.6,3.7,5.1,4.6,24.4,86.5,1003.2,4.0,22.0,,,2026-05-21 19:00:00,+08:00,1779390000,2026-05-21 13:52:42
14218,72.0,2025-11-24 20:43:16,14218,"罗定罗光,  (云浮市罗定罗光)",https://aqicn.org/city/guangdong/yunfushi/luodingluoguang,22.578889,111.342222,55,pm25,55.0,7.0,16.3,0.5,2.1,1.9,25.5,69.9,993.3,2.0,19.6,,,2026-05-21 20:00:00,+08:00,1779393600,2026-05-21 13:52:42
14324,122.0,2025-11-24 20:43:16,14324,"徐闻东方路,  (湛江市徐闻东方路)",https://aqicn.org/city/guangdong/zhanjiangshi/xuwendongfanglu,20.342398,110.198618,42,pm25,42.0,19.0,11.4,8.7,3.6,6.4,29.0,83.0,1008.0,2.5,26.0,,,2026-05-21 20:00:00,+08:00,1779393600,2026-05-21 13:52:42
14310,72.0,2025-11-24 20:43:16,14310,"饶平城北,  (潮州市饶平城北)",https://aqicn.org/city/guangdong/chaozhoushi/raopingchengbei,23.686944,117.0075,21,pm25,21.0,15.0,11.4,4.2,1.6,2.8,26.0,100.0,1011.0,1.5,26.0,,,2026-05-21 20:00:00,+08:00,1779393600,2026-05-21 13:52:43
14288,91.0,2025-11-24 20:43:16,14288,"开平卫民,  (江门市开平卫民)",https://aqicn.org/city/guangdong/jiangmenshi/kaipingweimin,22.382749,112.713362,50,pm25,50.0,18.0,13.0,2.3,4.6,6.4,27.0,100.0,1010.0,2.0,27.0,,,2026-05-21 20:00:00,+08:00,1779393600,2026-05-21 13:52:44
7220,95.0,2025-11-24 20:43:16,7220,"City convenient service centers, Wenshan (文山州市便民服务中心)",https://aqicn.org/city/china/wenshanzhou/shibianminfuwuzhongxin,23.3892,104.2319,46,pm25,46.0,20.0,28.1,2.8,1.1,2.8,24.1,46.1,864.4,4.0,11.8,99.2,,2026-05-21 21:00:00,+08:00,1779397200,2026-05-21 13:52:45
7036,78.0,2025-11-24 20:43:16,7036,"yú hú, Jieyang (揭阳渔湖)",https://aqicn.org/city/guangdong/jieyang/yuhu,23.5292,116.4094,97,pm25,97.0,36.0,18.7,15.1,1.6,6.4,26.0,100.0,1011.0,1.5,26.0,,,2026-05-21 21:00:00,+08:00,1779397200,2026-05-21 13:52:45
14369,104.0,2025-11-24 20:43:16,14369,"白云石井,  (广州市白云石井)",https://aqicn.org/city/guangdong/guangzhoushi/baiyunshijing,23.2264,113.2383,93,pm25,93.0,50.0,2.5,27.9,2.1,7.3,28.0,94.0,1010.0,1.0,27.0,,,2026-05-21 20:00:00,+08:00,1779393600,2026-05-21 13:52:45
14250,53.0,2025-11-24 20:43:16,14250,"陆丰迎仙桥,  (汕尾市陆丰迎仙桥)",https://aqicn.org/city/guangdong/shanweishi/lufengyingxianqiao,22.944338,115.644099,74,pm25,74.0,22.0,5.3,5.1,3.1,10.9,22.6,81.6,1010.7,1.0,19.3,,,2026-05-21 20:00:00,+08:00,1779393600,2026-05-21 13:52:45
4293,104.0,2025-11-24 20:43:16,4263,"Zhanjiang Theatre, Zhanjiang (湛江湛江影剧院)",https://aqicn.org/city/guangdong/zhanjiang/zhanjiangyingjuyuan,21.2706,110.3539,50,pm25,50.0,5.0,20.4,5.5,3.6,3.7,24.4,86.5,1003.2,4.0,22.0,,,2026-05-21 20:00:00,+08:00,1779393600,2026-05-21 13:52:46
14220,89.0,2025-11-24 20:43:16,14220,"丰顺八乡山,  (梅州市丰顺八乡山)",https://aqicn.org/city/guangdong/meizhoushi/fengshunbaxiangshan,23.462,115.5754,68,pm25,68.0,23.0,11.4,1.0,3.1,2.8,26.0,100.0,1011.0,1.5,26.0,,,2026-05-21 20:00:00,+08:00,1779393600,2026-05-21 13:52:46
13763,,2025-11-24 20:43:16,13763,"Ninh Bình/Cúc Phương, Đông Phong, Nho Quan - KTTV - Trạm cảm biến, Vietnam",https://aqicn.org/city/vietnam/ninh-binh/cuc-phuong--dong-phong--nho-quan-kttv-tram-cam-bien,20.320741,105.745489,22,pm10,20.0,22.0,18.0,44.0,2.0,2.0,30.0,84.0,1005.5,4.6,27.0,,,2026-05-21 20:00:00,+07:00,1779393600,2026-05-21 13:52:47
14307,68.0,2025-11-24 20:43:16,14307,"龙门县龙城,  (惠州市龙门县龙城)",https://aqicn.org/city/guangdong/huizhoushi/longmenxianlongcheng,23.736634,114.250945,25,pm25,25.0,7.0,4.5,6.9,4.1,3.7,24.2,74.6,997.8,3.0,19.4,0.9,,2026-05-21 20:00:00,+08:00,1779393600,2026-05-21 13:52:47
14304,72.0,2025-11-24 20:43:16,14304,"兴宁南坛,  (梅州市兴宁南坛)",https://aqicn.org/city/guangdong/meizhoushi/xingningnantan,24.81406,115.435232,50,pm25,50.0,17.0,8.6,3.2,4.1,6.4,22.3,84.2,975.7,1.0,19.5,99.4,,2026-05-21 20:00:00,+08:00,1779393600,2026-05-21 13:52:48
14353,82.0,2025-11-24 20:43:16,14353,"两阳中学,  (阳江市两阳中学)",https://aqicn.org/city/guangdong/yangjiangshi/liangyangzhongxue,21.893,111.977,30,pm25,30.0,18.0,16.7,1.4,2.1,4.6,23.9,83.8,1000.3,3.0,21.0,99.1,,2026-05-21 20:00:00,+08:00,1779393600,2026-05-21 13:52:48
14518,65.0,2025-11-24 20:43:16,14518,"Puer No2 middle school, Pu'er (普洱普洱第二中学)",https://aqicn.org/city/china/puer/puerdierzhongxue,22.8322,100.9817,89,pm25,89.0,46.0,29.7,5.5,4.1,5.5,23.3,22.0,856.2,1.0,0.4,0.1,,2026-05-21 21:00:00,+08:00,1779397200,2026-05-21 13:52:48
14329,89.0,2025-11-24 20:43:16,14329,"信宜六谢,  (茂名市信宜六谢)",https://aqicn.org/city/guangdong/maomingshi/xinyiliuxie,22.349098,110.935868,25,pm25,25.0,7.0,12.6,4.6,1.1,6.4,25.5,69.9,993.3,2.0,19.6,,,2026-05-21 20:00:00,+08:00,1779393600,2026-05-21 13:52:49
14409,76.0,2025-11-24 20:43:16,14409,"梅江月梅,  (梅州市梅江月梅)",https://aqicn.org/city/guangdong/meizhoushi/meijiangyuemei,24.3289,116.1278,27,pm10,17.0,27.0,6.1,4.6,4.1,4.6,26.0,100.0,1011.0,1.5,26.0,,,2026-05-21 20:00:00,+08:00,1779393600,2026-05-21 13:52:49
14402,112.0,2025-11-24 20:43:16,14361,"Jiangdong,  (河源市江东)",https://aqicn.org/city/guangdong/heyuanshi/jiangdong,23.7506,114.7389,34,pm25,34.0,14.0,9.8,3.2,3.1,5.5,24.2,74.6,997.8,3.0,19.4,0.9,,2026-05-21 20:00:00,+08:00,1779393600,2026-05-21 13:52:50
14470,74.0,2025-11-24 20:43:16,14470,"较场尾, Shenzhen (大鹏新区 大鹏街道)",https://aqicn.org/city/shenzhen/jiaochangwei,22.598801,114.515576,68,pm25,68.0,23.0,22.4,1.9,1.6,10.0,28.8,90.2,1010.4,1.6,,,,2026-05-21 20:00:00,+08:00,1779393600,2026-05-21 13:52:50
4341,85.0,2025-11-24 20:43:16,4341,Meizhou (梅州),https://aqicn.org/city/meizhou,24.288615,116.122239,57,pm25,57.0,17.0,5.7,10.6,4.1,5.5,26.0,100.0,1011.0,1.5,,,,2026-05-21 21:00:00,+08:00,1779397200,2026-05-21 13:52:50
7199,76.0,2025-11-24 20:43:16,7199,"City Monitoring Station, Baise (百色市监测站)",https://aqicn.org/city/china/baise/shijiancezhan,23.9011,106.6103,20,o3,13.0,15.0,20.4,3.7,4.6,4.6,30.0,54.1,984.0,2.0,19.7,0.1,,2026-05-21 21:00:00,+08:00,1779397200,2026-05-21 13:52:51
1658,85.0,2025-11-24 20:43:16,1658,"Kinmen, Taiwan (金門)",https://aqicn.org/city/taiwan/kinmen,24.432133,118.312256,30,pm25,30.0,9.0,16.7,5.9,0.8,1.4,25.6,93.0,1011.0,2.6,25.0,,,2026-05-21 21:00:00,+08:00,1779397200,2026-05-21 13:52:51
14350,82.0,2025-11-24 20:43:16,14350,"中山南区,  (中山市中山南区)",https://aqicn.org/city/guangdong/zhongshanshi/zhongshannanqu,22.4777,113.3536,95,pm25,95.0,2.0,15.1,2.8,1.1,3.7,27.0,100.0,1010.0,2.0,27.0,,,2026-05-21 20:00:00,+08:00,1779393600,2026-05-21 13:52:51
7188,91.0,2025-11-24 20:43:16,7188,"dàhǎi huāyuán, Fangchenggang (防城港大海花园)",https://aqicn.org/city/china/fangchenggang/dahaihuayuan,21.6414,108.3506,30,pm25,30.0,16.0,14.7,10.1,2.6,6.4,25.5,93.6,1006.5,2.0,24.4,19.9,,2026-05-21 21:00:00,+08:00,1779397200,2026-05-21 13:52:51
14245,63.0,2025-11-24 20:43:16,14245,"连山广德,  (清远市连山广德)",https://aqicn.org/city/guangdong/qingyuanshi/lianshanguangde,24.572861,112.105194,17,pm25,17.0,6.0,12.2,4.6,3.6,4.6,25.3,69.8,994.3,2.0,19.4,99.1,,2026-05-21 20:00:00,+08:00,1779393600,2026-05-21 13:52:52
14255,72.0,2025-11-24 20:43:16,14255,"乳源乳城,  (韶关市乳源乳城)",https://aqicn.org/city/guangdong/shaoguanshi/ruyuanrucheng,24.775104,113.284707,20,o3,5.0,2.0,19.9,3.7,3.6,4.6,25.7,68.6,995.5,3.0,19.5,99.1,,2026-05-21 20:00:00,+08:00,1779393600,2026-05-21 13:52:53
14360,122.0,2025-11-24 20:43:16,14360,"沙湖,  (江门市沙湖)",https://aqicn.org/city/guangdong/jiangmenshi/shahu,22.3517,112.4686,85,pm25,85.0,37.0,3.7,7.8,14.2,4.6,23.6,87.5,1008.5,1.0,21.4,99.2,,2026-05-21 20:00:00,+08:00,1779393600,2026-05-21 13:52:53
1378,85.0,2025-11-24 20:43:16,1378,"Chenggong New Area, Kunming (昆明呈贡新区)",https://aqicn.org/city/china/kunming/chenggongxinqu,24.8885,102.821,42,pm25,42.0,15.0,37.8,4.6,1.1,5.5,22.0,56.0,1016.0,4.6,13.0,,,2026-05-21 21:00:00,+08:00,1779397200,2026-05-21 13:52:54
1333,93.0,2025-11-24 20:43:16,1333,"Běihú, Nanning (南宁北湖)",https://aqicn.org/city/china/nanning/beihu,22.8561,108.316,38,pm25,38.0,17.0,16.3,3.2,1.6,4.6,26.0,94.0,1007.0,1.5,25.0,,,2026-05-21 21:00:00,+08:00,1779397200,2026-05-21 13:52:54
14217,80.0,2025-11-24 20:43:16,14217,"台山端芬,  (江门市台山端芬)",https://aqicn.org/city/guangdong/jiangmenshi/taishanduanfen,22.0608,112.607,12,pm10,30.0,12.0,5.3,1.4,2.1,2.8,27.1,96.5,997.5,3.0,26.5,99.2,,2026-05-21 20:00:00,+08:00,1779393600,2026-05-21 13:52:55
14239,89.0,2025-11-24 20:43:16,14239,"新丰丰城,  (韶关市新丰丰城)",https://aqicn.org/city/guangdong/shaoguanshi/xinfengfengcheng,24.064879,114.232013,53,pm25,53.0,20.0,8.2,7.4,15.2,6.4,23.7,78.8,978.1,4.0,19.8,99.2,,2026-05-21 20:00:00,+08:00,1779393600,2026-05-21 13:52:55
917,85.0,2025-11-24 20:43:16,917,"Songgang, Shenzhen (宝安区 松岗街道)",https://aqicn.org/city/shenzhen/songgang,22.764405,113.848641,46,pm25,46.0,20.0,13.0,3.2,5.1,5.5,28.0,88.0,1010.0,3.6,26.0,,,2026-05-21 20:00:00,+08:00,1779393600,2026-05-21 13:52:55
14314,80.0,2025-11-24 20:43:16,14314,"揭西河婆,  (揭阳市揭西河婆)",https://aqicn.org/city/guangdong/jieyangshi/jiexihepo,23.451721,115.861473,12,o3,17.0,5.0,11.8,2.8,4.1,4.6,26.0,100.0,1011.0,1.5,26.0,,,2026-05-21 20:00:00,+08:00,1779393600,2026-05-21 13:52:55
14317,72.0,2025-11-24 20:43:16,14317,"阳春城东,  (阳江市阳春城东)",https://aqicn.org/city/guangdong/yangjiangshi/yangchunchengdong,22.177671,111.804279,24,o3,9.0,4.0,24.0,2.8,5.6,4.6,23.9,83.8,1000.3,3.0,21.0,99.1,,2026-05-21 20:00:00,+08:00,1779393600,2026-05-21 13:52:55
14305,93.0,2025-11-24 20:43:16,14305,"博罗罗阳,  (惠州市博罗罗阳)",https://aqicn.org/city/guangdong/huizhoushi/boluoluoyang,23.174541,114.293803,55,pm25,55.0,22.0,11.8,7.4,3.6,3.7,26.2,97.1,1009.1,1.0,25.7,99.5,,2026-05-21 20:00:00,+08:00,1779393600,2026-05-21 13:52:56
14225,63.0,2025-11-24 20:43:16,14225,"封开府前,  (肇庆市封开府前)",https://aqicn.org/city/guangdong/zhaoqingshi/fengkaifuqian,23.425061,111.515576,16,o3,9.0,4.0,16.3,3.2,2.6,3.7,25.5,73.0,995.8,2.0,20.3,,,2026-05-21 20:00:00,+08:00,1779393600,2026-05-21 13:52:56
7219,102.0,2025-11-24 20:43:16,7219,"State Water Authority, Wenshan (文山州州水务局)",https://aqicn.org/city/china/wenshanzhou/zhoushuiwuju,23.3594,104.2533,55,pm25,55.0,19.0,26.9,2.8,1.6,1.9,28.3,90.5,993.0,1.0,26.6,0.2,,2026-05-21 21:00:00,+08:00,1779397200,2026-05-21 13:52:58
14384,122.0,2025-11-24 20:43:16,14384,"高明更合,  (佛山市高明更合)",https://aqicn.org/city/guangdong/fushanshi/gaominggenghe,22.8051,112.5151,38,pm25,38.0,20.0,16.7,1.9,2.1,2.8,25.5,74.8,1003.1,3.0,20.7,99.2,,2026-05-21 20:00:00,+08:00,1779393600,2026-05-21 13:52:58
14238,74.0,2025-11-24 20:43:16,14238,"陆河河田,  (汕尾市陆河河田)",https://aqicn.org/city/guangdong/shanweishi/luhehetian,23.1819,115.40912,19,o3,9.0,11.0,18.7,2.8,1.6,6.4,22.6,81.6,1010.7,1.0,19.3,,,2026-05-21 14:00:00,+08:00,1779372000,2026-05-21 13:52:58
7185,80.0,2025-11-24 20:43:16,7185,"lóng xīn, Wuzhou (梧州龙新)",https://aqicn.org/city/china/wuzhou/longxin,23.4794,111.26,25,pm25,25.0,22.0,8.6,18.8,2.1,3.7,25.5,73.0,995.8,2.0,20.3,,,2026-05-21 21:00:00,+08:00,1779397200,2026-05-21 13:53:00
14240,91.0,2025-11-24 20:43:16,14240,"翁源龙仙,  (韶关市翁源龙仙)",https://aqicn.org/city/guangdong/shaoguanshi/wengyuanlongxian,24.362844,114.143038,13,pm25,13.0,4.0,11.8,3.2,4.1,6.4,23.7,78.8,978.1,4.0,19.8,99.2,,2026-05-21 20:00:00,+08:00,1779393600,2026-05-21 13:53:00
12916,72.0,2025-11-24 20:43:16,12916,"Island/Taipower Guoyeh, Taiwan",https://aqicn.org/city/taiwan/island/taipower-guoyeh,23.57886111,119.6763056,46,pm25,46.0,27.0,,,,,26.3,96.0,1012.3,0.7,25.0,,,2026-05-21 21:00:00,+08:00,1779397200,2026-05-21 13:53:00
14320,89.0,2025-11-24 20:43:16,14320,"雷州朝南,  (湛江市雷州朝南)",https://aqicn.org/city/guangdong/zhanjiangshi/leizhouchaonan,20.913124,110.105929,22,o3,17.0,9.0,22.0,5.5,4.1,4.6,24.4,86.5,1003.2,4.0,22.0,,,2026-05-21 20:00:00,+08:00,1779393600,2026-05-21 13:53:00
4692,74.0,2025-11-24 20:43:16,4692,"Chaonanzi Station, Shantou (汕头潮南子站)",https://aqicn.org/city/china/shantou/chaonanzizhan,23.2536,116.4019,72,pm25,72.0,31.0,9.8,9.6,2.6,,26.0,100.0,1011.0,1.5,26.0,,,2026-05-21 21:00:00,+08:00,1779397200,2026-05-21 13:53:00
801,61.0,2025-11-24 20:43:16,801,"Shuāngqiáo, Jiangmen (江门双桥)",https://aqicn.org/city/guangdong/jiangmen/shuangqiao,22.5862,112.5814,17,pm25,17.0,7.0,9.8,2.8,1.6,5.5,25.5,74.8,1003.1,3.0,20.7,99.2,,2026-05-21 20:00:00,+08:00,1779393600,2026-05-21 13:53:00
14399,74.0,2025-11-24 20:43:16,14399,"高明富湾,  (佛山市高明富湾)",https://aqicn.org/city/guangdong/fushanshi/gaomingfuwan,23.0015,112.8441,46,pm25,46.0,16.0,2.5,14.7,2.6,7.3,28.0,94.0,1010.0,1.0,27.0,,,2026-05-21 20:00:00,+08:00,1779393600,2026-05-21 13:53:01
14241,72.0,2025-11-24 20:43:16,14241,"大埔湖寮,  (梅州市大埔湖寮)",https://aqicn.org/city/guangdong/meizhoushi/dapuhuliao,24.210664,116.411486,34,pm25,34.0,8.0,7.4,3.2,2.1,7.3,26.0,100.0,1011.0,1.5,26.0,,,2026-05-21 20:00:00,+08:00,1779393600,2026-05-21 13:53:01
7556,99.0,2025-11-24 20:43:16,9886,"州图书馆, Honghe (红河州州图书馆)",https://aqicn.org/city/china/honghezhou/zhoutushuguan,23.3682,103.3758,30,o3,61.0,23.0,30.1,1.9,1.1,2.8,24.1,46.1,864.4,4.0,11.8,99.2,,2026-05-21 20:00:00,+08:00,1779393600,2026-05-21 13:53:01
14296,80.0,2025-11-24 20:43:16,14296,"连平连中,  (河源市连平连中)",https://aqicn.org/city/guangdong/heyuanshi/lianpinglianzhong,24.375277,114.473055,9,pm25,9.0,6.0,9.0,2.3,1.1,5.5,23.7,78.8,978.1,4.0,19.8,99.2,,2026-05-21 20:00:00,+08:00,1779393600,2026-05-21 13:53:02
14319,87.0,2025-11-24 20:43:16,14319,"阳西城区,  (阳江市阳西城区)",https://aqicn.org/city/guangdong/yangjiangshi/yangxichengqu,21.756039,111.613483,21,pm25,21.0,13.0,14.7,1.9,3.6,5.5,23.9,83.8,1000.3,3.0,21.0,99.1,,2026-05-21 20:00:00,+08:00,1779393600,2026-05-21 13:53:02
7205,91.0,2025-11-24 20:43:16,7204,"City EPA station, Hechi (河池市环保站)",https://aqicn.org/city/china/hechi/shihuanbaozhan,24.6928,108.054,38,pm25,38.0,20.0,7.8,6.0,3.1,6.4,24.6,78.9,977.4,1.0,20.7,99.7,,2026-05-21 21:00:00,+08:00,1779397200,2026-05-21 13:53:03
14219,114.0,2025-11-24 20:43:16,14219,"徐闻海安,  (湛江市徐闻海安)",https://aqicn.org/city/guangdong/zhanjiangshi/xuwenhaian,20.521388,110.314666,34,pm25,34.0,23.0,20.8,3.2,3.6,7.3,29.0,83.0,1008.0,2.5,26.0,,,2026-05-21 20:00:00,+08:00,1779393600,2026-05-21 13:53:03
1502,82.0,2025-11-24 20:43:16,1502,Quanzhou (泉州),https://aqicn.org/city/quanzhou,24.874699,118.675464,78,pm25,78.0,28.0,4.5,19.7,2.1,4.6,27.0,88.0,1011.0,1.5,,,,2026-05-21 21:00:00,+08:00,1779397200,2026-05-21 13:53:03
14357,63.0,2025-11-24 20:43:16,14357,"四会威整,  (肇庆市四会威整)",https://aqicn.org/city/guangdong/zhaoqingshi/sihuiweizheng,24.6969,115.1909,21,pm25,21.0,8.0,7.4,2.3,3.1,3.7,22.3,84.2,975.7,1.0,19.5,99.4,,2026-05-21 20:00:00,+08:00,1779393600,2026-05-21 13:53:04
14301,76.0,2025-11-24 20:43:16,14301,"蕉岭镇山,  (梅州市蕉岭镇山)",https://aqicn.org/city/guangdong/meizhoushi/jiaolingzhenshan,24.394411,116.10794,38,pm25,38.0,6.0,7.4,8.3,4.1,2.8,24.1,71.8,997.8,2.0,18.7,99.2,,2026-05-21 20:00:00,+08:00,1779393600,2026-05-21 13:53:05
3450,74.0,2025-11-24 20:43:16,3450,"Hexi water supply company, Liuzhou (柳州河西水厂)",https://aqicn.org/city/china/liuzhou/hexishuichang,24.3406,109.3886,34,pm25,34.0,13.0,16.3,5.5,5.6,7.3,25.9,67.8,972.9,4.0,19.5,99.3,,2026-05-21 21:00:00,+08:00,1779397200,2026-05-21 13:53:05
14412,82.0,2025-11-24 20:43:16,14412,"南城元美,  (东莞市南城元美)",https://aqicn.org/city/guangdong/dongguanshi/nanchengyuanmei,23.0206,113.7506,59,pm25,59.0,22.0,12.6,4.6,2.6,4.6,28.0,88.0,1011.0,3.6,26.0,,,2026-05-21 20:00:00,+08:00,1779393600,2026-05-21 13:53:06
14331,80.0,2025-11-24 20:43:16,14331,"高要湖西,  (肇庆市高要湖西)",https://aqicn.org/city/guangdong/zhaoqingshi/gaoyaohuxi,23.0166,112.4575,13,pm25,13.0,7.0,11.4,4.6,3.1,2.8,28.0,94.0,1010.0,1.0,27.0,,,2026-05-21 20:00:00,+08:00,1779393600,2026-05-21 13:53:06
1567,78.0,2025-11-24 20:43:16,1567,Yuxi (玉溪),https://aqicn.org/city/yuxi,24.352036,102.546543,93,pm25,93.0,47.0,39.8,4.6,2.6,3.7,22.0,56.0,1016.0,4.6,,99.2,,2026-05-21 21:00:00,+08:00,1779397200,2026-05-21 13:53:06
2568,72.0,2025-11-24 20:43:16,2568,"Tung Chung, HongKong (東涌)",https://aqicn.org/city/hongkong/tung-chung,22.288916,113.9435389,30,pm25,30.0,9.0,17.8,2.8,1.3,4.4,29.0,74.0,1011.0,4.1,24.0,,,2026-05-21 21:00:00,+08:00,1779397200,2026-05-21 13:53:07
4294,107.0,2025-11-24 20:43:16,4294,"Potou District EPB, Zhanjiang (湛江坡头区环保局)",https://aqicn.org/city/guangdong/zhanjiang/potouquhuanbaoju,21.2567,110.4558,30,pm25,30.0,8.0,17.9,3.2,3.6,3.7,24.4,86.5,1003.2,4.0,22.0,,,2026-05-21 21:00:00,+08:00,1779397200,2026-05-21 13:53:07
14397,87.0,2025-11-24 20:43:16,14397,"祥龙,  (江门市祥龙)",https://aqicn.org/city/guangdong/jiangmenshi/xianglong,22.3557,112.677,42,pm25,42.0,16.0,8.6,2.8,3.1,3.7,27.0,100.0,1010.0,2.0,27.0,,,2026-05-21 20:00:00,+08:00,1779393600,2026-05-21 13:53:08
14459,87.0,2025-11-24 20:43:16,14459,"龙田子站, Shenzhen (坪山区 龙田街道)",https://aqicn.org/city/shenzhen/longtianzizhan,22.72666,114.359167,50,pm25,50.0,21.0,8.2,9.2,5.6,4.6,28.8,90.2,1010.4,1.6,,,,2026-05-21 20:00:00,+08:00,1779393600,2026-05-21 13:53:08
3928,95.0,2025-11-24 20:43:16,3928,"Tuen Mun, HongKong (屯門)",https://aqicn.org/city/hongkong/tuen-mun,22.390373,113.97628,16,pm10,65.0,16.0,5.6,13.1,0.8,5.9,28.3,91.0,1010.9,2.0,,,,2026-05-21 21:00:00,+08:00,1779397200,2026-05-21 13:53:08
4339,87.0,2025-11-24 20:43:16,4339,Jieyang (揭阳),https://aqicn.org/city/jieyang,23.549993,116.372831,93,pm25,93.0,33.0,22.4,11.9,2.6,7.3,26.0,100.0,1011.0,1.5,,,,2026-05-21 21:00:00,+08:00,1779397200,2026-05-21 13:53:09
2571,92.0,2025-11-24 20:43:16,2571,"Central, HongKong (中環)",https://aqicn.org/city/hongkong/central,22.2796569,114.1719873,57,pm25,57.0,19.0,3.3,11.7,2.6,5.5,28.3,87.5,1010.9,2.5,,,,2026-05-21 21:00:00,+08:00,1779397200,2026-05-21 13:53:10
9848,89.0,2025-11-24 20:43:16,9848,"shì bāshí liù zhōng, Guangzhou (广州市八十六中)",https://aqicn.org/city/guangdong/guangzhou/shibashiliuzhong,23.105,113.433,61,pm25,61.0,26.0,1.7,21.1,3.1,6.4,28.0,94.0,1010.0,1.0,27.0,,,2026-05-21 20:00:00,+08:00,1779393600,2026-05-21 13:53:10
14295,89.0,2025-11-24 20:43:16,14295,"和平新华,  (河源市和平新华)",https://aqicn.org/city/guangdong/heyuanshi/hepingxinhua,24.407083,114.939138,42,pm25,42.0,11.0,13.5,7.8,1.6,7.3,23.7,78.8,978.1,4.0,19.8,99.2,,2026-05-21 20:00:00,+08:00,1779393600,2026-05-21 13:53:10
14410,40.0,2025-11-24 20:43:16,14410,"南澳后宅,  (汕头市南澳后宅)",https://aqicn.org/city/guangdong/shantoushi/nanaohouzhai,23.428056,117.018611,50,pm25,50.0,16.0,20.4,1.4,5.6,3.7,26.0,100.0,1011.0,1.5,26.0,,,2026-05-21 20:00:00,+08:00,1779393600,2026-05-21 13:53:11
7186,87.0,2025-11-24 20:43:16,7186,"shā wàn, Fangchenggang (防城港沙万)",https://aqicn.org/city/china/fangchenggang/shawan,21.6158,108.3411,34,pm25,34.0,29.0,1.3,22.9,1.6,9.1,25.5,93.6,1006.5,2.0,24.4,19.9,,2026-05-21 21:00:00,+08:00,1779397200,2026-05-21 13:53:11
14302,57.0,2025-11-24 20:43:16,14302,"平远大道,  (梅州市平远大道)",https://aqicn.org/city/guangdong/meizhoushi/pingyuandadao,24.334994,115.533932,12,o3,13.0,5.0,12.2,1.9,2.1,7.3,24.1,71.8,997.8,2.0,18.7,99.2,,2026-05-21 20:00:00,+08:00,1779393600,2026-05-21 13:53:11
781,82.0,2025-11-24 20:43:16,781,"Tianhu, Guangzhou (广州天湖)",https://aqicn.org/city/guangdong/guangzhou/tianhu,23.6502,113.6246,18,pm10,17.0,18.0,17.1,5.1,3.6,3.7,28.0,94.0,1010.0,1.0,27.0,,,2026-05-21 20:00:00,+08:00,1779393600,2026-05-21 13:53:11
4265,91.0,2025-11-24 20:43:16,4265,"Petrochemical No. 7 elementaty school, Maoming (茂名茂石化七小)",https://aqicn.org/city/guangdong/maoming/maoshihuaqixiao,21.6533,110.9294,25,pm25,25.0,22.0,18.3,5.5,2.6,5.5,25.5,69.9,993.3,2.0,19.6,,,2026-05-21 20:00:00,+08:00,1779393600,2026-05-21 13:53:12
14234,89.0,2025-11-24 20:43:16,14234,"高栏港,  (珠海市高栏港)",https://aqicn.org/city/guangdong/zhuhaishi/gaolangang,21.9391,113.2308,46,pm25,46.0,19.0,19.5,1.4,3.1,5.5,27.0,100.0,1010.0,2.0,27.0,,,2026-05-21 20:00:00,+08:00,1779393600,2026-05-21 13:53:13
14322,117.0,2025-11-24 20:43:16,14322,"遂溪建设,  (湛江市遂溪建设)",https://aqicn.org/city/guangdong/zhanjiangshi/suixijianshe,21.382778,110.247778,17,o3,9.0,7.0,16.7,8.3,4.1,5.5,24.4,86.5,1003.2,4.0,22.0,,,2026-05-21 20:00:00,+08:00,1779393600,2026-05-21 13:53:13
7191,93.0,2025-11-24 20:43:16,7191,"gǎng qū yī xiǎo, Qinzhou (钦州港区一小)",https://aqicn.org/city/china/qinzhou/gangquyixiao,21.7431,108.5989,38,pm25,38.0,17.0,5.7,19.7,1.6,3.7,25.5,93.6,1006.5,2.0,24.4,19.9,,2026-05-21 21:00:00,+08:00,1779397200,2026-05-21 13:53:13
4282,85.0,2025-11-24 20:43:16,4282,"Xiyuan Road, Chaozhou (潮州西园路)",https://aqicn.org/city/guangdong/chaozhou/xiyuanlu,23.6714,116.6339,63,pm25,63.0,28.0,12.2,8.7,2.1,4.6,26.0,100.0,1011.0,1.5,26.0,,,2026-05-21 20:00:00,+08:00,1779393600,2026-05-21 13:53:14
7200,102.0,2025-11-24 20:43:16,7200,"Blood Center, Baise (百色市中心血站)",https://aqicn.org/city/china/baise/shizhongxinxuezhan,23.8844,106.6527,30,pm25,30.0,8.0,21.2,2.8,4.6,6.4,30.0,54.1,984.0,2.0,19.7,0.1,,2026-05-21 21:00:00,+08:00,1779397200,2026-05-21 13:53:14
3489,82.0,2025-11-24 20:43:16,3489,"Forest area, Shaoguan (韶关园林处)",https://aqicn.org/city/china/shaoguan/yuanlinchu,24.795928,113.598061,30,pm25,30.0,10.0,13.5,5.1,1.6,,25.7,68.6,995.5,3.0,19.5,99.1,,2026-05-21 21:00:00,+08:00,1779397200,2026-05-21 13:53:14
14267,87.0,2025-11-24 20:43:16,14267,"始兴丹凤,  (韶关市始兴丹凤)",https://aqicn.org/city/guangdong/shaoguanshi/shixingdanfeng,24.959292,114.070703,21,pm25,21.0,4.0,15.9,5.1,1.6,3.7,25.7,68.6,995.5,3.0,19.5,99.1,,2026-05-21 20:00:00,+08:00,1779393600,2026-05-21 13:53:15
4338,85.0,2025-11-24 20:43:16,4338,Chaozhou (潮州),https://aqicn.org/city/chaozhou,23.65695,116.622604,63,pm25,63.0,28.0,12.2,8.7,2.1,4.6,26.0,100.0,1011.0,1.5,,,,2026-05-21 20:00:00,+08:00,1779393600,2026-05-21 13:53:15
7217,68.0,2025-11-24 20:43:16,7217,"City EPA, Lincang (临沧市环保局)",https://aqicn.org/city/china/lincang/shihuanbaoju,23.8822,100.0869,87,pm25,87.0,29.0,32.5,6.0,3.6,9.1,20.9,40.0,834.8,1.0,6.8,99.3,,2026-05-21 21:00:00,+08:00,1779397200,2026-05-21 13:53:15
9857,80.0,2025-11-24 20:43:16,9857,"xīnshì fǔ, Yunfu (云浮新市府)",https://aqicn.org/city/guangdong/yunfu/xinshifu,22.9169,112.0392,25,pm25,25.0,10.0,11.0,1.9,3.1,4.6,25.5,74.8,1003.1,3.0,20.7,99.2,,2026-05-21 20:00:00,+08:00,1779393600,2026-05-21 13:53:16
1540,89.0,2025-11-24 20:43:16,1540,Zhuhai (珠海),https://aqicn.org/city/zhuhai,22.270715,113.576726,63,pm25,63.0,20.0,16.7,2.3,2.6,5.5,28.0,100.0,1011.0,3.6,,,,2026-05-21 21:00:00,+08:00,1779397200,2026-05-21 13:53:16
7189,50.0,2025-11-24 20:43:16,7189,"City EPA station, Qinzhou (钦州市环保站)",https://aqicn.org/city/china/qinzhou/shihuanbaozhan,21.9667,108.6236,50,pm25,50.0,16.0,11.4,7.4,0.6,7.3,26.0,94.0,1007.0,1.5,25.0,,,2026-05-21 21:00:00,+08:00,1779397200,2026-05-21 13:53:17
14308,76.0,2025-11-24 20:43:16,14308,"仲恺陈江,  (惠州市仲恺陈江)",https://aqicn.org/city/guangdong/huizhoushi/zhongkaichenjiang,23.013941,114.325313,50,pm25,50.0,24.0,7.4,11.9,3.1,5.5,26.2,97.1,1009.1,1.0,25.7,99.5,,2026-05-21 20:00:00,+08:00,1779393600,2026-05-21 13:53:17
12961,13.0,2025-11-24 20:43:16,1583,"Hanoi, Vietnam (Hà Nội)",https://aqicn.org/city/vietnam/hanoi,21.0491,105.8831,26,pm25,26.0,21.0,30.0,,3.0,,30.0,79.0,1005.0,4.3,26.0,,,2026-05-21 19:00:00,+07:00,1779390000,2026-05-21 13:53:17
3514,80.0,2025-11-24 20:43:16,3514,Qingyuan (清远),https://aqicn.org/city/qingyuan,23.681764,113.056031,59,pm25,59.0,23.0,9.0,11.9,3.6,8.2,28.0,94.0,1010.0,1.0,,,,2026-05-21 20:00:00,+08:00,1779393600,2026-05-21 13:53:18
3423,78.0,2025-11-24 20:43:16,3423,"Jīntóu bù, Quanzhou (泉州津头埔)",https://aqicn.org/city/china/quanzhou/jintoupu,24.8978,118.5972,78,pm25,78.0,26.0,4.5,18.3,1.6,4.6,27.0,88.0,1011.0,1.5,25.0,,,2026-05-21 21:00:00,+08:00,1779397200,2026-05-21 13:53:18
14641,77.0,2025-11-24 20:43:16,13763,"Ninh Bình/Cúc Phương, Đông Phong, Nho Quan - KTTV - Trạm cảm biến, Vietnam",https://aqicn.org/city/vietnam/ninh-binh/cuc-phuong--dong-phong--nho-quan-kttv-tram-cam-bien,20.320741,105.745489,22,pm10,20.0,22.0,18.0,44.0,2.0,2.0,30.0,84.0,1005.5,4.6,27.0,,,2026-05-21 20:00:00,+07:00,1779393600,2026-05-21 13:53:18
1335,65.0,2025-11-24 20:43:16,1335,"Daziran Garden, Nanning (南宁大自然花园)",https://aqicn.org/city/china/nanning/daziranhuayuan,22.805,108.383,17,o3,13.0,10.0,17.1,3.2,2.1,3.7,26.0,94.0,1007.0,1.5,25.0,,,2026-05-21 21:00:00,+08:00,1779397200,2026-05-21 13:53:18
13253,63.0,2025-11-24 20:43:16,1583,"Hanoi, Vietnam (Hà Nội)",https://aqicn.org/city/vietnam/hanoi,21.0491,105.8831,26,pm25,26.0,21.0,30.0,,3.0,,30.0,79.0,1005.0,4.3,26.0,,,2026-05-21 19:00:00,+07:00,1779390000,2026-05-21 13:53:18
14275,80.0,2025-11-24 20:43:16,14275,"横琴,  (珠海市横琴)",https://aqicn.org/city/guangdong/zhuhaishi/hengqin,22.1163,113.5433,61,pm25,61.0,25.0,19.5,3.2,2.1,3.7,27.0,100.0,1010.0,2.0,27.0,,,2026-05-21 20:00:00,+08:00,1779393600,2026-05-21 13:53:18
7195,61.0,2025-11-24 20:43:16,7195,"hé chéngzi zhàn, Guigang (贵港荷城子站)",https://aqicn.org/city/china/guigang/hechengzizhan,23.1036,109.5683,53,pm25,53.0,13.0,11.8,7.8,1.6,5.5,28.0,67.0,991.8,3.0,21.3,99.1,,2026-05-21 21:00:00,+08:00,1779397200,2026-05-21 13:53:19
14299,76.0,2025-11-24 20:43:16,14299,"龙川老隆,  (河源市龙川老隆)",https://aqicn.org/city/guangdong/heyuanshi/longchuanlaolong,24.111183,115.283371,17,pm25,17.0,6.0,9.8,2.8,3.1,6.4,24.2,74.6,997.8,3.0,19.4,0.9,,2026-05-21 19:00:00,+08:00,1779390000,2026-05-21 13:53:20
7914,99.0,2025-11-24 20:43:16,9886,"州图书馆, Honghe (红河州州图书馆)",https://aqicn.org/city/china/honghezhou/zhoutushuguan,23.3682,103.3758,30,o3,61.0,23.0,30.1,1.9,1.1,2.8,24.1,46.1,864.4,4.0,11.8,99.2,,2026-05-21 20:00:00,+08:00,1779393600,2026-05-21 13:53:20
7206,93.0,2025-11-24 20:43:16,7206,"shì huánbǎo jú jiāng zhōu fēnjú, Chongzuo (崇左市环保局江州分局)",https://aqicn.org/city/china/chongzuo/shihuanbaojujiangzhoufenju,22.4137,107.3476,14,o3,13.0,14.0,14.3,3.7,2.6,5.5,26.0,94.0,1007.0,1.5,25.0,,,2026-05-21 21:00:00,+08:00,1779397200,2026-05-21 13:53:21
14326,114.0,2025-11-24 20:43:16,14326,"高州教育,  (茂名市高州教育)",https://aqicn.org/city/guangdong/maomingshi/gaozhoujiaoyu,21.919196,110.86338,18,o3,17.0,8.0,17.9,3.7,2.1,6.4,25.5,69.9,993.3,2.0,19.6,,,2026-05-21 20:00:00,+08:00,1779393600,2026-05-21 13:53:22
14243,68.0,2025-11-24 20:43:16,14243,"阳山城北,  (清远市阳山城北)",https://aqicn.org/city/guangdong/qingyuanshi/yangshanchengbei,24.477909,112.642972,17,pm25,17.0,6.0,15.1,4.2,3.6,5.5,25.3,69.8,994.3,2.0,19.4,99.1,,2026-05-21 20:00:00,+08:00,1779393600,2026-05-21 13:53:23
13684,126.0,2025-11-24 20:43:16,1583,"Hanoi, Vietnam (Hà Nội)",https://aqicn.org/city/vietnam/hanoi,21.0491,105.8831,26,pm25,26.0,21.0,30.0,,3.0,,30.0,79.0,1005.0,4.3,26.0,,,2026-05-21 19:00:00,+07:00,1779390000,2026-05-21 13:53:23
14335,85.0,2025-11-24 20:43:16,14335,"郁南城西,  (云浮市郁南城西)",https://aqicn.org/city/guangdong/yunfushi/yunanchengxi,23.232962,111.537261,38,pm25,38.0,11.0,5.3,17.9,2.6,4.6,25.5,73.0,995.8,2.0,20.3,,,2026-05-21 20:00:00,+08:00,1779393600,2026-05-21 13:53:23
14464,93.0,2025-11-24 20:43:16,14464,"石岩子站, Shenzhen (宝安区 石岩街道)",https://aqicn.org/city/shenzhen/shiyanzizhan,22.677317,113.950139,38,pm25,38.0,14.0,12.6,5.1,2.1,5.5,28.0,88.0,1010.0,3.6,26.0,,,2026-05-21 19:00:00,+08:00,1779390000,2026-05-21 13:53:23
14312,37.0,2025-11-24 20:43:16,14312,"惠来惠城,  (揭阳市惠来惠城)",https://aqicn.org/city/guangdong/jieyangshi/huilaihuicheng,23.036388,116.289722,25,pm25,25.0,19.0,13.0,4.2,4.1,5.5,26.0,100.0,1011.0,1.5,26.0,,,2026-05-21 20:00:00,+08:00,1779393600,2026-05-21 13:53:24
1606,50.0,2025-11-24 20:43:16,1606,"Longtan, Taiwan (龍潭)",https://aqicn.org/city/taiwan/longtan,24.863869,121.21635,42,pm25,42.0,19.0,7.3,7.0,1.5,1.7,26.5,81.0,1011.0,2.0,24.5,,,2026-05-21 21:00:00,+08:00,1779397200,2026-05-21 13:53:24
7221,76.0,2025-11-24 20:43:16,7221,"Jinghong City Jiangnan, Xishuangbanna (西双版纳州景洪市江南)",https://aqicn.org/city/china/xishuangbannazhou/jinghongshijiangnan,22.0019,100.7939,89,pm25,89.0,44.0,33.8,3.2,3.6,4.6,27.4,46.1,941.0,1.0,14.8,99.1,,2026-05-21 21:00:00,+08:00,1779397200,2026-05-21 13:53:25
1621,70.0,2025-11-24 20:43:16,1621,"Nantou, Taiwan (南投)",https://aqicn.org/city/taiwan/nantou,23.913,120.685306,50,pm25,50.0,22.0,8.5,8.3,0.9,1.9,28.7,78.0,983.0,1.8,,,,2026-05-21 21:00:00,+08:00,1779397200,2026-05-21 13:53:25
7026,91.0,2025-11-24 20:43:16,7026,"Jinjuzui, Foshan (佛山金桔咀)",https://aqicn.org/city/guangdong/fushan/jinjieju,22.819722,113.261667,55,pm25,55.0,23.0,10.6,7.4,1.6,4.6,28.0,88.0,1011.0,3.6,26.0,,,2026-05-21 20:00:00,+08:00,1779393600,2026-05-21 13:53:25
14328,104.0,2025-11-24 20:43:16,14328,"化州博龙,  (茂名市化州博龙)",https://aqicn.org/city/guangdong/maomingshi/huazhoubolong,21.64168,110.662698,13,o3,9.0,6.0,12.6,6.9,3.1,4.6,24.4,86.5,1003.2,4.0,22.0,,,2026-05-21 20:00:00,+08:00,1779393600,2026-05-21 13:53:26
2481,,2025-11-24 20:43:16,1650,"Dongshan, Taiwan (冬山)",https://aqicn.org/city/taiwan/dongshan,24.632203,121.792928,46,pm25,46.0,15.0,24.5,4.3,1.3,1.9,26.8,84.0,1011.0,0.6,25.0,,,2026-05-21 21:00:00,+08:00,1779397200,2026-05-21 13:53:26
1625,70.0,2025-11-24 20:43:16,1625,"Puzi, Taiwan (朴子)",https://aqicn.org/city/taiwan/puzih,23.465308,120.24735,38,pm25,38.0,14.0,13.2,2.4,1.2,1.2,27.1,87.0,1012.0,0.8,24.0,,,2026-05-21 21:00:00,+08:00,1779397200,2026-05-21 13:53:27
1660,50.0,2025-11-24 20:43:16,1660,"Guanshan, Taiwan (關山)",https://aqicn.org/city/taiwan/guanshan,23.045083,121.161933,50,pm25,50.0,20.0,19.0,3.4,0.8,1.6,28.0,94.0,1010.0,3.0,27.0,,,2026-05-21 21:00:00,+08:00,1779397200,2026-05-21 13:53:27
1661,78.0,2025-11-24 20:43:16,1661,"Mailiao, Taiwan (麥寮)",https://aqicn.org/city/taiwan/mailiao,23.753506,120.251825,42,pm25,42.0,18.0,13.7,2.1,2.0,1.4,27.8,86.0,1011.5,1.0,26.0,,,2026-05-21 21:00:00,+08:00,1779397200,2026-05-21 13:53:27
1643,82.0,2025-11-24 20:43:16,1643,"Pingtung, Taiwan (屏東)",https://aqicn.org/city/taiwan/pingtung,22.673081,120.488033,46,pm25,46.0,20.0,8.0,7.6,1.3,2.0,30.7,79.0,1011.0,2.4,23.0,,,2026-05-21 21:00:00,+08:00,1779397200,2026-05-21 13:53:27
1653,65.0,2025-11-24 20:43:16,1653,"Zhushan, Taiwan (竹山)",https://aqicn.org/city/taiwan/jhushan,23.756389,120.677306,53,pm25,53.0,27.0,8.8,6.8,3.3,1.6,29.4,67.0,983.0,0.1,,,,2026-05-21 21:00:00,+08:00,1779397200,2026-05-21 13:53:28
1628,65.0,2025-11-24 20:43:16,1628,"Xinying, Taiwan (新營)",https://aqicn.org/city/taiwan/sinying,23.305633,120.31725,38,pm25,38.0,14.0,9.2,4.1,0.6,1.4,28.1,78.0,1012.0,1.0,24.0,,,2026-05-21 21:00:00,+08:00,1779397200,2026-05-21 13:53:29
2486,25.0,2025-11-24 20:43:16,2484,"Nishizakicho, Itoman, Okinawa, Japan (糸満糸満市)",https://aqicn.org/city/japan/itomanshi/itoman,26.1460627,127.6656834,21,pm25,21.0,13.0,16.0,2.8,1.5,3.4,25.0,100.0,1012.0,4.1,25.0,,,2026-05-21 21:00:00,+09:00,1779397200,2026-05-21 13:53:29
1611,65.0,2025-11-24 20:43:16,1611,"Miaoli, Taiwan (苗栗)",https://aqicn.org/city/taiwan/miaoli,24.565269,120.8202,53,pm25,53.0,20.0,7.4,8.4,3.6,3.3,27.5,77.0,1013.0,1.9,24.0,,,2026-05-21 21:00:00,+08:00,1779397200,2026-05-21 13:53:29
12582,78.0,2025-11-24 20:43:16,12582,"Central/TaiChung City/Houli, Taiwan",https://aqicn.org/city/taiwan/central/taichung-city/houli,24.3074,120.7145,50,pm25,50.0,13.0,8.0,11.2,3.3,5.6,27.0,84.0,1013.0,0.6,24.0,,,2026-05-21 21:00:00,+08:00,1779397200,2026-05-21 13:53:30
1614,70.0,2025-11-24 20:43:16,1614,"Shalu, Taiwan (沙鹿)",https://aqicn.org/city/taiwan/shalu,24.225628,120.568794,46,pm25,46.0,20.0,11.8,7.4,1.2,2.0,27.0,83.0,1013.0,1.8,24.0,,,2026-05-21 21:00:00,+08:00,1779397200,2026-05-21 13:53:30
1622,93.0,2025-11-24 20:43:16,1622,"Douliu, Taiwan (斗六)",https://aqicn.org/city/taiwan/douliou,23.711853,120.544994,59,pm25,59.0,29.0,9.8,5.0,1.9,1.7,27.8,79.0,982.6,0.5,,,,2026-05-21 21:00:00,+08:00,1779397200,2026-05-21 13:53:30
1646,38.0,2025-11-24 20:43:16,1646,"Taitung, Taiwan (台東)",https://aqicn.org/city/taiwan/taitung,22.755358,121.15045,34,pm25,34.0,20.0,17.0,2.4,0.5,1.4,28.2,87.0,1011.0,2.2,27.0,,,2026-05-21 21:00:00,+08:00,1779397200,2026-05-21 13:53:30
1610,68.0,2025-11-24 20:43:16,1610,"Toufen, Taiwan (頭份)",https://aqicn.org/city/taiwan/toufen,24.696969,120.898572,46,pm25,46.0,20.0,9.3,5.0,3.2,1.9,27.0,85.5,1011.0,3.8,24.5,,,2026-05-21 21:00:00,+08:00,1779397200,2026-05-21 13:53:31
1632,74.0,2025-11-24 20:43:16,1632,"Meinong, Taiwan (美濃)",https://aqicn.org/city/taiwan/meinong,22.883583,120.530542,25,pm25,25.0,20.0,12.3,3.8,1.0,1.7,29.0,74.0,1012.0,2.0,24.0,,,2026-05-21 21:00:00,+08:00,1779397200,2026-05-21 13:53:31
1620,59.0,2025-11-24 20:43:16,1620,"Erlin, Taiwan (二林)",https://aqicn.org/city/taiwan/erlin,23.925175,120.409653,57,pm25,57.0,25.0,7.7,4.3,0.8,1.6,27.5,95.0,1013.0,0.8,24.0,,,2026-05-21 21:00:00,+08:00,1779397200,2026-05-21 13:53:32
1647,25.0,2025-11-24 20:43:16,1647,"Hualien, Taiwan (花蓮)",https://aqicn.org/city/taiwan/hualien,23.971306,121.599769,59,pm25,59.0,17.0,16.7,6.8,0.8,2.8,28.3,87.0,1011.7,1.5,,,,2026-05-21 21:00:00,+08:00,1779397200,2026-05-21 13:53:32
13260,153.0,2025-11-24 20:43:16,13260,"Kao-ping/CPC Dalin A1, Taiwan",https://aqicn.org/city/taiwan/kao-ping/cpc-dalin-a1,22.532316,120.336613,102,pm25,102.0,,3.2,7.5,2.0,6.0,27.7,85.0,1012.3,1.1,23.0,,,2026-05-21 20:00:00,+08:00,1779393600,2026-05-21 13:53:32
12618,147.0,2025-11-24 20:43:16,12618,"Kao-ping/CPC Linyuan Q1, Taiwan",https://aqicn.org/city/taiwan/kao-ping/cpc-linyuan-q1,22.48904,120.409161,42,pm25,42.0,,0.8,4.7,5.2,7.3,30.0,68.0,1011.0,1.5,23.0,,,2026-05-21 21:00:00,+08:00,1779397200,2026-05-21 13:53:33
12594,55.0,2025-11-24 20:43:16,1629,"Shanhua, Taiwan (善化)",https://aqicn.org/city/taiwan/shanhua,23.115097,120.297142,53,pm25,53.0,20.0,8.3,4.6,0.3,1.4,28.1,94.0,1012.0,1.2,24.0,,,2026-05-21 21:00:00,+08:00,1779397200,2026-05-21 13:53:34
1650,68.0,2025-11-24 20:43:16,1650,"Dongshan, Taiwan (冬山)",https://aqicn.org/city/taiwan/dongshan,24.632203,121.792928,46,pm25,46.0,15.0,24.5,4.3,1.3,1.9,26.8,84.0,1011.0,0.6,25.0,,,2026-05-21 21:00:00,+08:00,1779397200,2026-05-21 13:53:34
1627,68.0,2025-11-24 20:43:16,1627,"Chiayi, Taiwan (嘉義)",https://aqicn.org/city/taiwan/chiayi,23.462778,120.440833,25,pm25,25.0,15.0,6.9,6.5,1.8,2.0,29.1,76.0,1012.0,1.0,24.0,,,2026-05-21 21:00:00,+08:00,1779397200,2026-05-21 13:53:34
12593,112.0,2025-11-24 20:43:16,12593,"Yun-Chia-Nan/Tainan City/Chengxili, Taiwan",https://aqicn.org/city/taiwan/yun-chia-nan/tainan-city/chengxili,23.0426,120.1547,57,pm25,57.0,30.0,8.8,1.0,1.6,4.2,29.0,74.0,1012.0,2.5,24.0,,,2026-05-21 21:00:00,+08:00,1779397200,2026-05-21 13:53:35
1656,76.0,2025-11-24 20:43:16,1656,"Puli, Taiwan (埔里)",https://aqicn.org/city/taiwan/puli,23.968842,120.967903,34,pm25,34.0,22.0,16.0,5.4,2.2,1.8,26.5,78.0,983.0,0.6,,,,2026-05-21 21:00:00,+08:00,1779397200,2026-05-21 13:53:36
1638,117.0,2025-11-24 20:43:16,1638,"Nanzi, Taiwan (楠梓)",https://aqicn.org/city/taiwan/nanzih,22.733667,120.328289,46,pm25,46.0,23.0,8.0,7.1,1.5,1.9,29.3,77.0,1011.0,1.6,23.0,,,2026-05-21 21:00:00,+08:00,1779397200,2026-05-21 13:53:36
1645,50.0,2025-11-24 20:43:16,1645,"Hengchun, Taiwan (恆春)",https://aqicn.org/city/taiwan/hengchun,21.958069,120.788928,21,pm25,21.0,13.0,16.5,0.9,0.9,0.8,27.3,83.0,1011.0,1.5,23.0,,,2026-05-21 21:00:00,+08:00,1779397200,2026-05-21 13:53:36
14646,42.0,2025-11-24 20:43:16,14646,"Hua-Tung/Taitung County/Fengli, Taiwan",https://aqicn.org/city/taiwan/hua-tung/taitung-county/fengli,22.73681667,121.12183611,38,pm25,38.0,21.0,19.2,1.9,1.0,3.5,28.2,87.0,1011.0,2.2,27.0,,,2026-05-21 21:00:00,+08:00,1779397200,2026-05-21 13:53:37
